## EBL from Khaire & Srianand 2018; Q20 Model with alpha=-2.0 
## Column1:wavelength (Angstrom);  Column2:EBL specific intensity J_nu (erg/s/cm^2/Hz/Sr)
## ===========================================================================================
 1.000000e-08     7.906061e-37
 1.122019e-08     1.151680e-36
 1.258925e-08     1.662755e-36
 1.412538e-08     2.366856e-36
 1.584893e-08     3.313640e-36
 1.778279e-08     4.560162e-36
 1.995263e-08     6.171804e-36
 2.238721e-08     8.223387e-36
 2.511887e-08     1.080058e-35
 2.818382e-08     1.400133e-35
 3.162278e-08     1.793785e-35
 3.548135e-08     2.273859e-35
 3.981071e-08     2.855093e-35
 4.466837e-08     3.554430e-35
 5.011870e-08     4.391348e-35
 5.623413e-08     5.388326e-35
 6.309576e-08     6.571279e-35
 7.079456e-08     7.970144e-35
 7.943284e-08     9.619585e-35
 8.912505e-08     1.155964e-34
 1.000000e-07     1.383675e-34
 1.122019e-07     1.650464e-34
 1.258925e-07     1.962554e-34
 1.412538e-07     2.327169e-34
 1.584892e-07     2.752659e-34
 1.778279e-07     3.248727e-34
 1.995263e-07     3.826600e-34
 2.238721e-07     4.499290e-34
 2.511887e-07     5.281898e-34
 2.818382e-07     6.191899e-34
 3.162278e-07     7.249579e-34
 3.548136e-07     8.478425e-34
 3.981071e-07     9.905645e-34
 4.466837e-07     1.156283e-33
 5.011870e-07     1.348651e-33
 5.623413e-07     1.571911e-33
 6.309576e-07     1.830973e-33
 7.079456e-07     2.131525e-33
 7.943284e-07     2.480170e-33
 8.912505e-07     2.884545e-33
 1.000000e-06     3.353517e-33
 1.122019e-06     3.897347e-33
 1.258925e-06     4.527923e-33
 1.412538e-06     5.259047e-33
 1.584893e-06     6.106678e-33
 1.778279e-06     7.089335e-33
 1.995263e-06     8.228475e-33
 2.238721e-06     9.548941e-33
 2.511887e-06     1.107955e-32
 2.818382e-06     1.285366e-32
 3.162278e-06     1.490999e-32
 3.548136e-06     1.729335e-32
 3.981071e-06     2.005564e-32
 4.466837e-06     2.325710e-32
 5.011870e-06     2.696741e-32
 5.623413e-06     3.126747e-32
 6.309576e-06     3.625089e-32
 7.079456e-06     4.202614e-32
 7.943284e-06     4.871908e-32
 8.912505e-06     5.647529e-32
 1.000000e-05     6.546379e-32
 1.122019e-05     7.588017e-32
 1.258925e-05     8.795104e-32
 1.412538e-05     1.019394e-31
 1.584893e-05     1.181494e-31
 1.778279e-05     1.369342e-31
 1.995263e-05     1.587024e-31
 2.238721e-05     1.839275e-31
 2.511887e-05     2.131588e-31
 2.818382e-05     2.470322e-31
 3.162278e-05     2.862851e-31
 3.548135e-05     3.317714e-31
 3.981071e-05     3.844805e-31
 4.466837e-05     4.455601e-31
 5.011870e-05     5.163381e-31
 5.623413e-05     5.983559e-31
 6.309577e-05     6.933975e-31
 7.079457e-05     8.035295e-31
 7.943284e-05     9.311500e-31
 8.912505e-05     1.079034e-30
 1.000000e-04     1.250401e-30
 1.122018e-04     1.448977e-30
 1.258926e-04     1.679027e-30
 1.412538e-04     1.943304e-30
 1.584893e-04     2.247227e-30
 1.778279e-04     2.597658e-30
 1.995262e-04     3.002826e-30
 2.238722e-04     3.472445e-30
 2.511887e-04     4.017890e-30
 2.818383e-04     4.652477e-30
 3.162278e-04     5.391808e-30
 3.548134e-04     6.254208e-30
 3.981073e-04     7.261263e-30
 4.466837e-04     8.438428e-30
 5.011873e-04     9.815792e-30
 5.623413e-04     1.142895e-29
 6.309572e-04     1.332006e-29
 7.079460e-04     1.553905e-29
 7.943284e-04     1.814514e-29
 8.912510e-04     2.120862e-29
 1.000000e-03     2.481294e-29
 1.122018e-03     2.905725e-29
 1.258926e-03     3.405951e-29
 1.412538e-03     3.995982e-29
 1.584893e-03     4.692508e-29
 1.778279e-03     5.515404e-29
 1.995262e-03     6.488342e-29
 2.238722e-03     7.639540e-29
 2.511887e-03     9.002627e-29
 2.818383e-03     1.061774e-28
 3.162278e-03     1.253279e-28
 3.548133e-03     1.480492e-28
 3.981073e-03     1.750245e-28
 4.466837e-03     2.070694e-28
 5.011873e-03     2.451593e-28
 5.623413e-03     2.904609e-28
 6.309573e-03     3.443726e-28
 7.079460e-03     4.085748e-28
 7.943284e-03     4.850954e-28
 8.912510e-03     5.763984e-28
 1.000000e-02     6.854984e-28
 1.122019e-02     8.161095e-28
 1.258925e-02     9.728278e-28
 1.412538e-02     1.161360e-27
 1.584894e-02     1.388763e-27
 1.778279e-02     1.663729e-27
 1.995263e-02     1.996884e-27
 2.238721e-02     2.401079e-27
 2.511887e-02     2.891748e-27
 2.818385e-02     3.487244e-27
 3.162277e-02     4.209252e-27
 3.548136e-02     5.083311e-27
 3.981071e-02     6.139318e-27
 4.466837e-02     7.412351e-27
 5.011876e-02     8.943486e-27
 5.623413e-02     1.078093e-26
 6.309576e-02     1.298148e-26
 7.079456e-02     1.561202e-26
 7.943284e-02     1.875177e-26
 8.912515e-02     2.249456e-26
 1.000000e-01     2.695179e-26
 1.122019e-01     3.225707e-26
 1.258925e-01     3.850913e-26
 1.412538e-01     4.568594e-26
 1.584894e-01     5.372594e-26
 1.778279e-01     6.254394e-26
 1.995263e-01     7.204450e-26
 2.238721e-01     8.213144e-26
 2.511887e-01     9.271464e-26
 2.818385e-01     1.037127e-25
 3.162278e-01     1.150544e-25
 3.548135e-01     1.266789e-25
 3.981071e-01     1.385350e-25
 4.466837e-01     1.505809e-25
 5.011876e-01     1.627833e-25
 5.623413e-01     1.751167e-25
 6.309576e-01     1.875625e-25
 7.079456e-01     2.001080e-25
 7.943284e-01     2.127461e-25
 8.912515e-01     2.254734e-25
 1.000000e+00     2.382902e-25
 1.122019e+00     2.511992e-25
 1.258925e+00     2.642047e-25
 1.412538e+00     2.773127e-25
 1.584894e+00     2.905291e-25
 1.778279e+00     3.038600e-25
 1.995263e+00     3.173116e-25
 2.238721e+00     3.308893e-25
 2.511887e+00     3.445984e-25
 2.818385e+00     3.584440e-25
 3.162278e+00     3.724317e-25
 3.548136e+00     3.865688e-25
 3.981071e+00     4.008650e-25
 4.466837e+00     4.153349e-25
 5.011876e+00     4.299997e-25
 5.623413e+00     4.448903e-25
 6.309576e+00     4.599968e-25
 7.079456e+00     4.739456e-25
 7.943284e+00     4.869452e-25
 8.912516e+00     4.995263e-25
 1.000000e+01     5.123200e-25
 1.122019e+01     5.259609e-25
 1.258925e+01     5.410853e-25
 1.412538e+01     5.609574e-25
 1.584894e+01     5.881325e-25
 1.778279e+01     6.250121e-25
 1.995263e+01     6.740435e-25
 2.238721e+01     7.377878e-25
 2.511887e+01     8.189570e-25
 2.818385e+01     9.203600e-25
 3.162278e+01     1.044742e-24
 3.548135e+01     1.194547e-24
 3.981071e+01     1.371714e-24
 4.466837e+01     1.576039e-24
 5.011876e+01     1.793595e-24
 5.623413e+01     2.064991e-24
 6.309576e+01     2.367098e-24
 7.079456e+01     2.708361e-24
 7.943284e+01     3.097068e-24
 8.912515e+01     3.559060e-24
 1.000000e+02     4.114922e-24
 1.120000e+02     4.775463e-24
 1.250000e+02     5.513880e-24
 1.400000e+02     6.373707e-24
 1.550000e+02     7.257824e-24
 1.650000e+02     7.832169e-24
 1.750000e+02     8.408654e-24
 1.850000e+02     8.958080e-24
 1.900000e+02     9.240410e-24
 1.950000e+02     9.513547e-24
 2.000000e+02     9.808024e-24
 2.050000e+02     1.011542e-23
 2.100000e+02     1.049689e-23
 2.150000e+02     1.101636e-23
 2.180000e+02     1.144055e-23
 2.210000e+02     1.204482e-23
 2.240000e+02     1.286746e-23
 2.260000e+02     1.361364e-23
 2.270000e+02     1.404204e-23
 2.275000e+02     1.429378e-23
 2.278400e+02     1.447859e-23
 2.380000e+02     1.774220e-23
 2.500000e+02     2.168136e-23
 2.700000e+02     2.842035e-23
 2.900000e+02     3.505291e-23
 3.035000e+02     3.988032e-23
 3.037800e+02     5.245276e-23
 3.045000e+02     5.269269e-23
 3.060000e+02     5.323737e-23
 3.080000e+02     5.394548e-23
 3.100000e+02     5.465373e-23
 3.120000e+02     5.537645e-23
 3.150000e+02     5.645537e-23
 3.200000e+02     5.813157e-23
 3.250000e+02     5.975050e-23
 3.300000e+02     6.134779e-23
 3.400000e+02     6.463040e-23
 3.600000e+02     7.042648e-23
 3.800000e+02     7.614019e-23
 4.050000e+02     8.296464e-23
 4.250000e+02     8.889408e-23
 4.500000e+02     9.632748e-23
 4.650000e+02     1.014667e-22
 4.750000e+02     1.046656e-22
 4.820000e+02     1.069311e-22
 4.870000e+02     1.085785e-22
 4.910000e+02     1.099017e-22
 4.950000e+02     1.112416e-22
 4.980000e+02     1.122516e-22
 5.000000e+02     1.129254e-22
 5.020000e+02     1.136088e-22
 5.039800e+02     1.142853e-22
 5.100000e+02     1.173933e-22
 5.250000e+02     1.239299e-22
 5.600000e+02     1.387988e-22
 6.000000e+02     1.577397e-22
 6.500000e+02     1.822486e-22
 7.000000e+02     2.086389e-22
 7.500000e+02     2.382956e-22
 8.000000e+02     2.702911e-22
 8.300000e+02     2.911709e-22
 8.600000e+02     3.138157e-22
 8.800000e+02     3.306027e-22
 8.900000e+02     3.387309e-22
 8.960000e+02     3.436820e-22
 9.000000e+02     3.471266e-22
 9.030000e+02     3.497733e-22
 9.060000e+02     3.524356e-22
 9.090000e+02     3.551135e-22
 9.117800e+02     3.576094e-22
 9.300000e+02     4.810404e-22
 9.500000e+02     5.521548e-22
 9.750000e+02     7.487811e-22
 9.900000e+02     8.045988e-22
 1.005000e+03     9.043324e-22
 1.025000e+03     1.054221e-21
 1.045000e+03     1.220996e-21
 1.065000e+03     1.443434e-21
 1.085000e+03     1.692521e-21
 1.105000e+03     1.947451e-21
 1.125000e+03     2.227272e-21
 1.145000e+03     2.512959e-21
 1.165000e+03     2.825779e-21
 1.185000e+03     3.142822e-21
 1.205000e+03     3.453430e-21
 1.215600e+03     3.611538e-21
 1.215670e+03     3.688182e-21
 1.216000e+03     3.692728e-21
 1.218000e+03     3.720087e-21
 1.221000e+03     3.759528e-21
 1.225000e+03     3.809303e-21
 1.230000e+03     3.875996e-21
 1.240000e+03     4.041837e-21
 1.250000e+03     4.205718e-21
 1.265000e+03     4.508712e-21
 1.285000e+03     4.917559e-21
 1.305000e+03     5.343546e-21
 1.325000e+03     5.774243e-21
 1.345000e+03     6.225785e-21
 1.365000e+03     6.688468e-21
 1.385000e+03     7.160053e-21
 1.405000e+03     7.622492e-21
 1.425000e+03     8.086305e-21
 1.442000e+03     8.480868e-21
 1.455000e+03     8.791154e-21
 1.475000e+03     9.289792e-21
 1.517000e+03     1.027490e-20
 1.595000e+03     1.201906e-20
 1.672000e+03     1.376743e-20
 1.745000e+03     1.538641e-20
 1.825000e+03     1.708481e-20
 1.905000e+03     1.863482e-20
 1.984000e+03     2.002819e-20
 2.065000e+03     2.131319e-20
 2.135000e+03     2.222222e-20
 2.215000e+03     2.315616e-20
 2.295000e+03     2.404305e-20
 2.375000e+03     2.492535e-20
 2.455000e+03     2.581836e-20
 2.525000e+03     2.659030e-20
 2.605000e+03     2.747973e-20
 2.685000e+03     2.850137e-20
 2.765000e+03     2.946137e-20
 2.845000e+03     3.028772e-20
 2.950000e+03     3.153934e-20
 3.110000e+03     3.346830e-20
 3.270000e+03     3.529686e-20
 3.430000e+03     3.711094e-20
 3.590000e+03     3.888215e-20
 3.730000e+03     4.049759e-20
 3.890000e+03     4.366338e-20
 4.050000e+03     4.689073e-20
 4.210000e+03     5.221719e-20
 4.370000e+03     5.702802e-20
 4.530000e+03     6.192287e-20
 4.690000e+03     6.695536e-20
 4.850000e+03     7.162798e-20
 5.010000e+03     7.579013e-20
 5.170000e+03     8.012820e-20
 5.330000e+03     8.421785e-20
 5.490000e+03     8.833146e-20
 5.650000e+03     9.235298e-20
 5.810000e+03     9.634066e-20
 5.970000e+03     9.998720e-20
 6.130000e+03     1.035628e-19
 6.290000e+03     1.068826e-19
 6.450000e+03     1.100918e-19
 6.610000e+03     1.130513e-19
 6.770000e+03     1.160309e-19
 6.930000e+03     1.188026e-19
 7.090000e+03     1.214220e-19
 7.250000e+03     1.239065e-19
 7.410000e+03     1.262926e-19
 7.570000e+03     1.286065e-19
 7.730000e+03     1.309225e-19
 7.890000e+03     1.331332e-19
 8.050000e+03     1.352186e-19
 8.210000e+03     1.372308e-19
 8.370000e+03     1.392055e-19
 8.530000e+03     1.410279e-19
 8.690000e+03     1.428301e-19
 8.850000e+03     1.447030e-19
 9.010000e+03     1.465087e-19
 9.170000e+03     1.482497e-19
 9.330000e+03     1.500071e-19
 9.490000e+03     1.519514e-19
 9.650000e+03     1.535267e-19
 9.810000e+03     1.552402e-19
 9.970000e+03     1.569184e-19
 1.050000e+04     1.618443e-19
 1.150000e+04     1.685488e-19
 1.250000e+04     1.740100e-19
 1.350000e+04     1.781621e-19
 1.450000e+04     1.817327e-19
 1.550000e+04     1.853296e-19
 1.650000e+04     1.883751e-19
 1.750000e+04     1.897726e-19
 1.850000e+04     1.893709e-19
 1.950000e+04     1.874242e-19
 2.050000e+04     1.845229e-19
 2.150000e+04     1.810834e-19
 2.250000e+04     1.770632e-19
 2.350000e+04     1.721516e-19
 2.450000e+04     1.661436e-19
 2.550000e+04     1.605418e-19
 2.650000e+04     1.549095e-19
 2.750000e+04     1.497823e-19
 2.850000e+04     1.449833e-19
 2.950000e+04     1.403612e-19
 3.050000e+04     1.358979e-19
 3.150000e+04     1.315726e-19
 3.250000e+04     1.273625e-19
 3.350000e+04     1.232389e-19
 3.450000e+04     1.191726e-19
 3.550000e+04     1.153608e-19
 3.650000e+04     1.117577e-19
 3.750000e+04     1.083422e-19
 3.850000e+04     1.050597e-19
 3.950000e+04     1.019489e-19
 4.050000e+04     9.899366e-20
 4.150000e+04     9.608690e-20
 4.250000e+04     9.324856e-20
 4.350000e+04     9.048430e-20
 4.450000e+04     8.782972e-20
 4.550000e+04     8.528226e-20
 4.650000e+04     8.283977e-20
 4.750000e+04     8.048037e-20
 4.850000e+04     7.825459e-20
 4.950000e+04     7.625410e-20
 5.050000e+04     7.460179e-20
 5.150000e+04     7.356860e-20
 5.250000e+04     7.393914e-20
 5.350000e+04     7.609186e-20
 5.450000e+04     7.789784e-20
 5.550000e+04     7.914799e-20
 5.650000e+04     8.134660e-20
 5.750000e+04     8.458385e-20
 5.850000e+04     8.769741e-20
 5.950000e+04     9.120932e-20
 6.050000e+04     9.683995e-20
 6.150000e+04     1.058813e-19
 6.250000e+04     1.240824e-19
 6.350000e+04     1.375833e-19
 6.450000e+04     1.441244e-19
 6.550000e+04     1.468351e-19
 6.650010e+04     1.513811e-19
 6.750010e+04     1.552464e-19
 6.850010e+04     1.582911e-19
 6.950010e+04     1.640682e-19
 7.020000e+04     1.693168e-19
 7.100000e+04     1.750049e-19
 7.180000e+04     1.819819e-19
 7.260000e+04     1.900776e-19
 7.340000e+04     1.997299e-19
 7.420000e+04     2.125647e-19
 7.500000e+04     2.294283e-19
 7.580000e+04     2.490899e-19
 7.660000e+04     2.700511e-19
 7.740000e+04     2.896093e-19
 7.820000e+04     3.071940e-19
 7.900000e+04     3.218919e-19
 7.980000e+04     3.325786e-19
 8.060000e+04     3.402794e-19
 8.140000e+04     3.455634e-19
 8.220000e+04     3.490694e-19
 8.300000e+04     3.524735e-19
 8.380000e+04     3.561261e-19
 8.460000e+04     3.597370e-19
 8.540000e+04     3.637862e-19
 8.620000e+04     3.679904e-19
 8.700000e+04     3.710011e-19
 8.780000e+04     3.716467e-19
 8.860000e+04     3.699685e-19
 8.940000e+04     3.667770e-19
 9.020000e+04     3.626526e-19
 9.100000e+04     3.581346e-19
 9.180000e+04     3.533520e-19
 9.260000e+04     3.483344e-19
 9.340000e+04     3.431884e-19
 9.420000e+04     3.381616e-19
 9.500000e+04     3.333560e-19
 9.580000e+04     3.287304e-19
 9.660000e+04     3.245588e-19
 9.740000e+04     3.205629e-19
 9.820000e+04     3.161438e-19
 9.900000e+04     3.117370e-19
 9.980000e+04     3.074341e-19
 1.006000e+05     3.034945e-19
 1.020000e+05     2.968346e-19
 1.040000e+05     2.886154e-19
 1.060000e+05     2.852329e-19
 1.080000e+05     2.848742e-19
 1.100000e+05     2.852302e-19
 1.120000e+05     2.972426e-19
 1.140000e+05     3.250065e-19
 1.160000e+05     3.386027e-19
 1.180000e+05     3.387136e-19
 1.200000e+05     3.472334e-19
 1.220000e+05     3.566180e-19
 1.240000e+05     3.663661e-19
 1.260000e+05     3.797737e-19
 1.280000e+05     4.017697e-19
 1.300000e+05     4.198674e-19
 1.320000e+05     4.262018e-19
 1.340000e+05     4.273524e-19
 1.360000e+05     4.356518e-19
 1.380000e+05     4.404366e-19
 1.400000e+05     4.407683e-19
 1.420000e+05     4.491089e-19
 1.440000e+05     4.538723e-19
 1.460000e+05     4.549771e-19
 1.480000e+05     4.613134e-19
 1.500000e+05     4.653588e-19
 1.520000e+05     4.684576e-19
 1.540000e+05     4.741632e-19
 1.560000e+05     4.817583e-19
 1.580000e+05     4.885137e-19
 1.600000e+05     4.959661e-19
 1.620000e+05     5.040372e-19
 1.640000e+05     5.144401e-19
 1.660000e+05     5.292178e-19
 1.680000e+05     5.422333e-19
 1.700000e+05     5.568327e-19
 1.720000e+05     5.717275e-19
 1.740000e+05     5.857558e-19
 1.760000e+05     5.979499e-19
 1.780000e+05     6.073829e-19
 1.800000e+05     6.170807e-19
 1.820000e+05     6.275268e-19
 1.840000e+05     6.376529e-19
 1.860000e+05     6.476623e-19
 1.880000e+05     6.651313e-19
 1.900000e+05     6.777900e-19
 1.920000e+05     6.898568e-19
 1.940000e+05     7.012666e-19
 1.960000e+05     7.135605e-19
 1.980000e+05     7.266188e-19
 2.000000e+05     7.406351e-19
 2.020000e+05     7.548936e-19
 2.040000e+05     7.699295e-19
 2.060000e+05     7.855175e-19
 2.080000e+05     8.012556e-19
 2.100000e+05     8.180022e-19
 2.120000e+05     8.354207e-19
 2.140000e+05     8.526114e-19
 2.160000e+05     8.717880e-19
 2.180000e+05     8.924829e-19
 2.200000e+05     9.118926e-19
 2.220000e+05     9.321472e-19
 2.240000e+05     9.550901e-19
 2.260000e+05     9.780165e-19
 2.280000e+05     1.000449e-18
 2.300000e+05     1.024236e-18
 2.320000e+05     1.050037e-18
 2.340000e+05     1.076240e-18
 2.360000e+05     1.102013e-18
 2.380000e+05     1.128928e-18
 2.400000e+05     1.157677e-18
 2.420000e+05     1.186826e-18
 2.440000e+05     1.215272e-18
 2.460000e+05     1.245128e-18
 2.480000e+05     1.276921e-18
 2.500000e+05     1.309524e-18
 2.520000e+05     1.341958e-18
 2.540000e+05     1.375000e-18
 2.560000e+05     1.409639e-18
 2.580000e+05     1.446384e-18
 2.600000e+05     1.484438e-18
 2.620000e+05     1.521880e-18
 2.640000e+05     1.559594e-18
 2.660000e+05     1.598787e-18
 2.680000e+05     1.639598e-18
 2.700000e+05     1.681093e-18
 2.720000e+05     1.722852e-18
 2.740000e+05     1.765478e-18
 2.760000e+05     1.809431e-18
 2.780000e+05     1.855311e-18
 2.800000e+05     1.902352e-18
 2.820000e+05     1.949932e-18
 2.840000e+05     1.998209e-18
 2.860000e+05     2.046853e-18
 2.880000e+05     2.096217e-18
 2.900000e+05     2.146858e-18
 2.920000e+05     2.197740e-18
 2.940000e+05     2.249851e-18
 2.960000e+05     2.303663e-18
 2.980000e+05     2.358215e-18
 3.000000e+05     2.412657e-18
 3.020000e+05     2.468404e-18
 3.040000e+05     2.524729e-18
 3.060000e+05     2.582337e-18
 3.080000e+05     2.641070e-18
 3.100000e+05     2.700444e-18
 3.120000e+05     2.759444e-18
 3.140000e+05     2.819493e-18
 3.160000e+05     2.881802e-18
 3.180000e+05     2.944527e-18
 3.200000e+05     3.009261e-18
 3.220000e+05     3.075193e-18
 3.240000e+05     3.142011e-18
 3.260000e+05     3.210671e-18
 3.280000e+05     3.280056e-18
 3.300000e+05     3.352445e-18
 3.320000e+05     3.424811e-18
 3.340000e+05     3.503596e-18
 3.360000e+05     3.587583e-18
 3.380000e+05     3.668325e-18
 3.400000e+05     3.742884e-18
 3.420000e+05     3.817991e-18
 3.440000e+05     3.896964e-18
 3.460000e+05     3.976948e-18
 3.480000e+05     4.065356e-18
 3.500000e+05     4.156701e-18
 3.520000e+05     4.235934e-18
 3.540000e+05     4.312998e-18
 3.560000e+05     4.389927e-18
 3.580000e+05     4.463974e-18
 3.600000e+05     4.541574e-18
 3.620000e+05     4.622344e-18
 3.640000e+05     4.697052e-18
 3.660000e+05     4.774244e-18
 3.680000e+05     4.854081e-18
 3.700000e+05     4.933332e-18
 3.720000e+05     5.014170e-18
 3.740000e+05     5.095889e-18
 3.760000e+05     5.178204e-18
 3.780000e+05     5.261100e-18
 3.800000e+05     5.342838e-18
 3.820000e+05     5.426961e-18
 3.840000e+05     5.513906e-18
 3.860000e+05     5.599971e-18
 3.880000e+05     5.687486e-18
 3.900000e+05     5.776100e-18
 3.920000e+05     5.864007e-18
 4.320000e+05     7.767016e-18
 4.760000e+05     1.011987e-17
 5.250000e+05     1.296725e-17
 5.790000e+05     1.622916e-17
 6.390000e+05     1.979338e-17
 7.040000e+05     2.333913e-17
 7.760000e+05     2.662591e-17
 8.560000e+05     2.931422e-17
 9.430000e+05     3.111187e-17
 1.040000e+06     3.192731e-17
 1.147000e+06     3.173284e-17
 1.264000e+06     3.063713e-17
 1.394000e+06     2.878512e-17
 1.537000e+06     2.640114e-17
 1.694000e+06     2.370054e-17
 1.868000e+06     2.085192e-17
 2.059000e+06     1.804448e-17
 2.270000e+06     1.538202e-17
 2.503000e+06     1.294872e-17
 2.760000e+06     1.079169e-17
 3.043000e+06     8.927984e-18
 3.354000e+06     7.349949e-18
 3.698000e+06     6.025246e-18
 4.077000e+06     4.929919e-18
 4.495000e+06     4.029505e-18
 4.956000e+06     3.292048e-18
 5.464000e+06     2.689046e-18
 6.024000e+06     2.195408e-18
 6.641000e+06     1.791059e-18
 7.322000e+06     1.459304e-18
 8.073000e+06     1.187864e-18
 8.900000e+06     9.670354e-19
 9.813000e+06     7.883671e-19
 1.082000e+07     6.455308e-19
 1.193000e+07     5.326282e-19
 1.315000e+07     4.448213e-19
 1.450000e+07     3.772738e-19
 1.598000e+07     3.267677e-19
 1.762000e+07     2.895611e-19
 1.943000e+07     2.631655e-19
 2.142000e+07     2.453699e-19
 2.362000e+07     2.342619e-19
 2.604000e+07     2.284468e-19
 2.871000e+07     2.267647e-19
 3.165000e+07     2.283516e-19
 3.489000e+07     2.325480e-19
 3.847000e+07     2.388669e-19
 4.241000e+07     2.469141e-19
 4.676000e+07     2.564384e-19
 5.155000e+07     2.672193e-19
 5.683000e+07     2.791209e-19
 6.266000e+07     2.920715e-19
 6.908000e+07     3.059772e-19
 7.616000e+07     3.208214e-19
 8.397000e+07     3.366017e-19
 9.258000e+07     3.533046e-19
 1.020700e+08     3.709448e-19
 1.125300e+08     3.895360e-19
 1.240600e+08     4.091197e-19
 1.367800e+08     4.297499e-19
 1.508000e+08     4.514416e-19
 1.662500e+08     4.742458e-19
 1.833000e+08     4.982548e-19
 2.020800e+08     5.234649e-19
 2.228000e+08     5.499903e-19
 2.456300e+08     5.778481e-19
 2.708100e+08     6.071466e-19
 2.985700e+08     6.379369e-19
 3.291700e+08     6.702937e-19
 3.629100e+08     7.043161e-19
 4.001100e+08     7.400718e-19
 4.411200e+08     7.776525e-19
 4.863400e+08     8.171485e-19
 5.361900e+08     8.586539e-19
 5.911500e+08     9.022853e-19
 6.517400e+08     9.481450e-19
 7.185400e+08     9.963541e-19
 7.921900e+08     1.047022e-18
 8.733900e+08     1.100275e-18
 9.629200e+08     1.156249e-18
 1.000000e+09     1.178680e-18
