## EBL from Khaire & Srianand 2018; Q20 Model with alpha=-2.0 
## Column1:wavelength (Angstrom);  Column2:EBL specific intensity J_nu (erg/s/cm^2/Hz/Sr)
## ===========================================================================================
 1.000000e-08     4.756952e-47
 1.122019e-08     6.920629e-47
 1.258925e-08     9.822361e-47
 1.412538e-08     1.363677e-46
 1.584893e-08     1.856395e-46
 1.778279e-08     2.483261e-46
 1.995263e-08     3.270356e-46
 2.238721e-08     4.247404e-46
 2.511887e-08     5.448374e-46
 2.818382e-08     6.912089e-46
 3.162278e-08     8.683090e-46
 3.548135e-08     1.081250e-45
 3.981071e-08     1.335915e-45
 4.466837e-08     1.639091e-45
 5.011870e-08     1.998607e-45
 5.623413e-08     2.423519e-45
 6.309576e-08     2.924294e-45
 7.079456e-08     3.513046e-45
 7.943284e-08     4.203819e-45
 8.912505e-08     5.012858e-45
 1.000000e-07     5.959015e-45
 1.122019e-07     7.064114e-45
 1.258925e-07     8.353440e-45
 1.412538e-07     9.856349e-45
 1.584892e-07     1.160679e-44
 1.778279e-07     1.364420e-44
 1.995263e-07     1.601423e-44
 2.238721e-07     1.876977e-44
 2.511887e-07     2.197221e-44
 2.818382e-07     2.569259e-44
 3.162278e-07     3.001337e-44
 3.548136e-07     3.503001e-44
 3.981071e-07     4.085312e-44
 4.466837e-07     4.761108e-44
 5.011870e-07     5.545237e-44
 5.623413e-07     6.454941e-44
 6.309576e-07     7.510174e-44
 7.079456e-07     8.734056e-44
 7.943284e-07     1.015342e-43
 8.912505e-07     1.179930e-43
 1.000000e-06     1.370772e-43
 1.122019e-06     1.592039e-43
 1.258925e-06     1.848563e-43
 1.412538e-06     2.145950e-43
 1.584893e-06     2.490686e-43
 1.778279e-06     2.890297e-43
 1.995263e-06     3.353502e-43
 2.238721e-06     3.890395e-43
 2.511887e-06     4.512688e-43
 2.818382e-06     5.233936e-43
 3.162278e-06     6.069869e-43
 3.548136e-06     7.038694e-43
 3.981071e-06     8.161503e-43
 4.466837e-06     9.462778e-43
 5.011870e-06     1.097083e-42
 5.623413e-06     1.271853e-42
 6.309576e-06     1.474392e-42
 7.079456e-06     1.709106e-42
 7.943284e-06     1.981112e-42
 8.912505e-06     2.296323e-42
 1.000000e-05     2.661608e-42
 1.122019e-05     3.084914e-42
 1.258925e-05     3.575450e-42
 1.412538e-05     4.143902e-42
 1.584893e-05     4.802630e-42
 1.778279e-05     5.565977e-42
 1.995263e-05     6.450557e-42
 2.238721e-05     7.475606e-42
 2.511887e-05     8.663445e-42
 2.818382e-05     1.003990e-41
 3.162278e-05     1.163496e-41
 3.548135e-05     1.348329e-41
 3.981071e-05     1.562512e-41
 4.466837e-05     1.810708e-41
 5.011870e-05     2.098311e-41
 5.623413e-05     2.431586e-41
 6.309577e-05     2.817781e-41
 7.079457e-05     3.265294e-41
 7.943284e-05     3.783869e-41
 8.912505e-05     4.384780e-41
 1.000000e-04     5.081113e-41
 1.122018e-04     5.888003e-41
 1.258926e-04     6.821472e-41
 1.412538e-04     7.869722e-41
 1.584893e-04     9.085928e-41
 1.778279e-04     1.049939e-40
 1.995262e-04     1.214367e-40
 2.238722e-04     1.405831e-40
 2.511887e-04     1.628990e-40
 2.818383e-04     1.889344e-40
 3.162278e-04     2.193385e-40
 3.548134e-04     2.548784e-40
 3.981073e-04     2.964613e-40
 4.466837e-04     3.451607e-40
 5.011873e-04     4.022480e-40
 5.623413e-04     4.692298e-40
 6.309572e-04     5.478931e-40
 7.079460e-04     6.403587e-40
 7.943284e-04     7.491434e-40
 8.912510e-04     8.772389e-40
 1.000000e-03     1.028202e-39
 1.122018e-03     1.206261e-39
 1.258926e-03     1.416454e-39
 1.412538e-03     1.664770e-39
 1.584893e-03     1.958352e-39
 1.778279e-03     2.305713e-39
 1.995262e-03     2.717000e-39
 2.238722e-03     3.204321e-39
 2.511887e-03     3.782118e-39
 2.818383e-03     4.467640e-39
 3.162278e-03     5.281488e-39
 3.548133e-03     6.248263e-39
 3.981073e-03     7.397389e-39
 4.466837e-03     8.764013e-39
 5.011873e-03     1.039023e-38
 5.623413e-03     1.232647e-38
 6.309573e-03     1.463342e-38
 7.079460e-03     1.738447e-38
 7.943284e-03     2.066905e-38
 8.912510e-03     2.459724e-38
 1.000000e-02     2.930560e-38
 1.122019e-02     3.496444e-38
 1.258925e-02     4.178603e-38
 1.412538e-02     5.003410e-38
 1.584894e-02     6.003267e-38
 1.778279e-02     7.217586e-38
 1.995263e-02     8.693765e-38
 2.238721e-02     1.048810e-37
 2.511887e-02     1.266701e-37
 2.818385e-02     1.530829e-37
 3.162277e-02     1.850276e-37
 3.548136e-02     2.235657e-37
 3.981071e-02     2.699356e-37
 4.466837e-02     3.255904e-37
 5.011876e-02     3.922366e-37
 5.623413e-02     4.718855e-37
 6.309576e-02     5.669194e-37
 7.079456e-02     6.801594e-37
 7.943284e-02     8.149629e-37
 8.912515e-02     9.753225e-37
 1.000000e-01     1.165995e-36
 1.122019e-01     1.392886e-36
 1.258925e-01     1.652156e-36
 1.412538e-01     1.930704e-36
 1.584894e-01     2.226287e-36
 1.778279e-01     2.536656e-36
 1.995263e-01     2.859646e-36
 2.238721e-01     3.193227e-36
 2.511887e-01     3.535584e-36
 2.818385e-01     3.885131e-36
 3.162278e-01     4.240531e-36
 3.548135e-01     4.600709e-36
 3.981071e-01     4.964815e-36
 4.466837e-01     5.332231e-36
 5.011876e-01     5.702526e-36
 5.623413e-01     6.075437e-36
 6.309576e-01     6.449173e-36
 7.079456e-01     6.826128e-36
 7.943284e-01     7.205138e-36
 8.912515e-01     7.586055e-36
 1.000000e+00     7.968618e-36
 1.122019e+00     8.352365e-36
 1.258925e+00     8.736465e-36
 1.412538e+00     9.119555e-36
 1.584894e+00     9.499434e-36
 1.778279e+00     9.872673e-36
 1.995263e+00     1.023405e-35
 2.238721e+00     1.057569e-35
 2.511887e+00     1.088600e-35
 2.818385e+00     1.114818e-35
 3.162278e+00     1.133849e-35
 3.548136e+00     1.142457e-35
 3.981071e+00     1.136456e-35
 4.466837e+00     1.110883e-35
 5.011876e+00     1.060692e-35
 5.623413e+00     9.807907e-36
 6.309576e+00     8.741980e-36
 7.079456e+00     7.363384e-36
 7.943284e+00     5.947597e-36
 8.912516e+00     4.633106e-36
 1.000000e+01     3.520094e-36
 1.122019e+01     2.634856e-36
 1.258925e+01     1.959891e-36
 1.412538e+01     1.484958e-36
 1.584894e+01     1.137983e-36
 1.778279e+01     8.841226e-37
 1.995263e+01     6.970487e-37
 2.238721e+01     5.578317e-37
 2.511887e+01     4.527578e-37
 2.818385e+01     3.724185e-37
 3.162278e+01     3.099223e-37
 3.548135e+01     2.606264e-37
 3.981071e+01     2.212200e-37
 4.466837e+01     1.892600e-37
 5.011876e+01     1.630853e-37
 5.623413e+01     1.414551e-37
 6.309576e+01     1.233900e-37
 7.079456e+01     1.082320e-37
 7.943284e+01     9.543972e-38
 8.912515e+01     8.459336e-38
 1.000000e+02     7.535115e-38
 1.120000e+02     6.757846e-38
 1.250000e+02     6.110864e-38
 1.400000e+02     5.537606e-38
 1.550000e+02     5.091922e-38
 1.650000e+02     4.847426e-38
 1.750000e+02     4.637185e-38
 1.850000e+02     4.459095e-38
 1.900000e+02     4.389448e-38
 1.950000e+02     4.345329e-38
 2.000000e+02     4.351987e-38
 2.050000e+02     4.462592e-38
 2.100000e+02     4.784053e-38
 2.150000e+02     5.522965e-38
 2.180000e+02     6.316032e-38
 2.210000e+02     7.522759e-38
 2.240000e+02     9.327265e-38
 2.260000e+02     1.098560e-37
 2.270000e+02     1.198663e-37
 2.275000e+02     1.253621e-37
 2.278400e+02     1.292993e-37
 2.380000e+02     1.397611e-25
 2.500000e+02     1.416548e-25
 2.700000e+02     1.447107e-25
 2.900000e+02     1.476257e-25
 3.035000e+02     1.495097e-25
 3.037800e+02     1.495524e-25
 3.045000e+02     1.496482e-25
 3.060000e+02     1.498520e-25
 3.080000e+02     1.501261e-25
 3.100000e+02     1.503937e-25
 3.120000e+02     1.506653e-25
 3.150000e+02     1.510651e-25
 3.200000e+02     1.517233e-25
 3.250000e+02     1.523783e-25
 3.300000e+02     1.530204e-25
 3.400000e+02     1.542804e-25
 3.600000e+02     1.567075e-25
 3.800000e+02     1.590149e-25
 4.050000e+02     1.617655e-25
 4.250000e+02     1.638707e-25
 4.500000e+02     1.663922e-25
 4.650000e+02     1.678921e-25
 4.750000e+02     1.688656e-25
 4.820000e+02     1.695417e-25
 4.870000e+02     1.700184e-25
 4.910000e+02     1.703984e-25
 4.950000e+02     1.707763e-25
 4.980000e+02     1.710598e-25
 5.000000e+02     1.712444e-25
 5.020000e+02     1.714453e-25
 5.039800e+02     1.716389e-25
 5.100000e+02     2.297448e-25
 5.250000e+02     2.299560e-25
 5.600000e+02     2.304979e-25
 6.000000e+02     2.313988e-25
 6.500000e+02     2.337939e-25
 7.000000e+02     2.381045e-25
 7.500000e+02     2.456668e-25
 8.000000e+02     2.571740e-25
 8.300000e+02     2.666708e-25
 8.600000e+02     2.783996e-25
 8.800000e+02     2.875642e-25
 8.900000e+02     2.925905e-25
 8.960000e+02     2.957414e-25
 9.000000e+02     2.979200e-25
 9.030000e+02     2.995739e-25
 9.060000e+02     3.012563e-25
 9.090000e+02     3.029671e-25
 9.117800e+02     3.045778e-25
 9.300000e+02     2.948640e-22
 9.500000e+02     6.807701e-22
 9.750000e+02     9.761634e-22
 9.900000e+02     9.137844e-22
 1.005000e+03     8.745332e-22
 1.025000e+03     1.045024e-21
 1.045000e+03     1.045407e-21
 1.065000e+03     1.144062e-21
 1.085000e+03     1.272217e-21
 1.105000e+03     1.237460e-21
 1.125000e+03     1.272258e-21
 1.145000e+03     1.234624e-21
 1.165000e+03     1.254902e-21
 1.185000e+03     1.235796e-21
 1.205000e+03     1.210318e-21
 1.215600e+03     1.185629e-21
 1.215670e+03     7.074954e-21
 1.216000e+03     1.184628e-21
 1.218000e+03     1.179495e-21
 1.221000e+03     1.171503e-21
 1.225000e+03     1.155818e-21
 1.230000e+03     1.127218e-21
 1.240000e+03     1.094830e-21
 1.250000e+03     1.118863e-21
 1.265000e+03     1.264686e-21
 1.285000e+03     1.350801e-21
 1.305000e+03     1.350622e-21
 1.325000e+03     1.349336e-21
 1.345000e+03     1.348464e-21
 1.365000e+03     1.359041e-21
 1.385000e+03     1.357807e-21
 1.405000e+03     1.332185e-21
 1.425000e+03     1.288619e-21
 1.442000e+03     1.273963e-21
 1.455000e+03     1.302654e-21
 1.475000e+03     1.315990e-21
 1.517000e+03     1.265098e-21
 1.595000e+03     1.192547e-21
 1.672000e+03     1.217701e-21
 1.745000e+03     1.203051e-21
 1.825000e+03     1.188016e-21
 1.905000e+03     1.134852e-21
 1.984000e+03     1.117195e-21
 2.065000e+03     1.103722e-21
 2.135000e+03     1.069400e-21
 2.215000e+03     1.062078e-21
 2.295000e+03     1.029512e-21
 2.375000e+03     9.993470e-22
 2.455000e+03     9.824189e-22
 2.525000e+03     9.485151e-22
 2.605000e+03     9.489445e-22
 2.685000e+03     9.508595e-22
 2.765000e+03     9.252062e-22
 2.845000e+03     8.974563e-22
 2.950000e+03     8.888296e-22
 3.110000e+03     8.621321e-22
 3.270000e+03     8.264290e-22
 3.430000e+03     8.005662e-22
 3.590000e+03     7.780272e-22
 3.730000e+03     8.043302e-22
 3.890000e+03     9.983156e-22
 4.050000e+03     9.642157e-22
 4.210000e+03     1.106318e-21
 4.370000e+03     1.086260e-21
 4.530000e+03     1.075188e-21
 4.690000e+03     1.071713e-21
 4.850000e+03     1.037678e-21
 5.010000e+03     1.004664e-21
 5.170000e+03     9.973623e-22
 5.330000e+03     9.907095e-22
 5.490000e+03     9.849051e-22
 5.650000e+03     9.863720e-22
 5.810000e+03     9.901614e-22
 5.970000e+03     9.722747e-22
 6.130000e+03     9.761191e-22
 6.290000e+03     9.611550e-22
 6.450000e+03     9.588305e-22
 6.610000e+03     9.560631e-22
 6.770000e+03     9.581173e-22
 6.930000e+03     9.536704e-22
 7.090000e+03     9.467542e-22
 7.250000e+03     9.399805e-22
 7.410000e+03     9.418273e-22
 7.570000e+03     9.471227e-22
 7.730000e+03     9.586879e-22
 7.890000e+03     9.578448e-22
 8.050000e+03     9.528641e-22
 8.210000e+03     9.563363e-22
 8.370000e+03     9.562492e-22
 8.530000e+03     9.601540e-22
 8.690000e+03     9.709498e-22
 8.850000e+03     9.897699e-22
 9.010000e+03     9.977299e-22
 9.170000e+03     9.945835e-22
 9.330000e+03     1.010463e-21
 9.490000e+03     1.014836e-21
 9.650000e+03     1.012566e-21
 9.810000e+03     1.010499e-21
 9.970000e+03     1.015334e-21
 1.050000e+04     1.004725e-21
 1.150000e+04     9.733219e-22
 1.250000e+04     9.570991e-22
 1.350000e+04     9.457702e-22
 1.450000e+04     9.540484e-22
 1.550000e+04     9.909813e-22
 1.650000e+04     9.887468e-22
 1.750000e+04     9.492203e-22
 1.850000e+04     8.655485e-22
 1.950000e+04     8.289151e-22
 2.050000e+04     7.995287e-22
 2.150000e+04     7.771228e-22
 2.250000e+04     7.617147e-22
 2.350000e+04     7.532870e-22
 2.450000e+04     7.518470e-22
 2.550000e+04     7.573927e-22
 2.650000e+04     7.699250e-22
 2.750000e+04     7.894196e-22
 2.850000e+04     8.159256e-22
 2.950000e+04     8.494082e-22
 3.050000e+04     8.898655e-22
 3.150000e+04     9.373175e-22
 3.250000e+04     9.917476e-22
 3.350000e+04     9.254679e-22
 3.450000e+04     1.003605e-21
 3.550000e+04     1.029514e-21
 3.650000e+04     1.054769e-21
 3.750000e+04     1.079952e-21
 3.850000e+04     1.105038e-21
 3.950000e+04     1.130051e-21
 4.050000e+04     1.154972e-21
 4.150000e+04     1.179830e-21
 4.250000e+04     1.204601e-21
 4.350000e+04     1.229300e-21
 4.450000e+04     1.253929e-21
 4.550000e+04     1.278474e-21
 4.650000e+04     1.302948e-21
 4.750000e+04     1.327387e-21
 4.850000e+04     1.351737e-21
 4.950000e+04     1.376018e-21
 5.050000e+04     1.400253e-21
 5.150000e+04     1.424410e-21
 5.250000e+04     1.448523e-21
 5.350000e+04     1.470858e-21
 5.450000e+04     1.455359e-21
 5.550000e+04     1.476102e-21
 5.650000e+04     1.534447e-21
 5.750000e+04     1.608564e-21
 5.850000e+04     1.619951e-21
 5.950000e+04     1.587181e-21
 6.050000e+04     1.698828e-21
 6.150000e+04     2.246436e-21
 6.250000e+04     3.300267e-21
 6.350000e+04     3.472566e-21
 6.450000e+04     2.607530e-21
 6.550000e+04     2.056777e-21
 6.650010e+04     1.947684e-21
 6.750010e+04     1.978470e-21
 6.850010e+04     2.016477e-21
 6.950010e+04     2.122147e-21
 7.020000e+04     2.295905e-21
 7.100000e+04     2.410609e-21
 7.180000e+04     2.465525e-21
 7.260000e+04     2.532070e-21
 7.340000e+04     2.793667e-21
 7.420000e+04     3.165775e-21
 7.500000e+04     3.694110e-21
 7.580000e+04     4.401369e-21
 7.660000e+04     5.102159e-21
 7.740000e+04     5.504630e-21
 7.820000e+04     5.536773e-21
 7.900000e+04     5.336896e-21
 7.980000e+04     5.045630e-21
 8.060000e+04     4.641262e-21
 8.140000e+04     4.158981e-21
 8.220000e+04     3.666068e-21
 8.300000e+04     3.326723e-21
 8.380000e+04     3.147478e-21
 8.460000e+04     3.125063e-21
 8.540000e+04     3.189097e-21
 8.620000e+04     3.327052e-21
 8.700000e+04     3.473582e-21
 8.780000e+04     3.461809e-21
 8.860000e+04     3.208872e-21
 8.940000e+04     2.773630e-21
 9.020000e+04     2.338627e-21
 9.100000e+04     2.020349e-21
 9.180000e+04     1.807243e-21
 9.260000e+04     1.665927e-21
 9.340000e+04     1.573897e-21
 9.420000e+04     1.519081e-21
 9.500000e+04     1.483936e-21
 9.580000e+04     1.466743e-21
 9.660000e+04     1.514967e-21
 9.740000e+04     1.578078e-21
 9.820000e+04     1.578718e-21
 9.900000e+04     1.556191e-21
 9.980000e+04     1.471971e-21
 1.006000e+05     1.413772e-21
 1.020000e+05     1.418866e-21
 1.040000e+05     1.471335e-21
 1.060000e+05     1.681990e-21
 1.080000e+05     1.891668e-21
 1.100000e+05     2.073244e-21
 1.120000e+05     3.267927e-21
 1.140000e+05     5.467554e-21
 1.160000e+05     4.802625e-21
 1.180000e+05     3.176005e-21
 1.200000e+05     2.871225e-21
 1.220000e+05     2.970960e-21
 1.240000e+05     3.103626e-21
 1.260000e+05     3.458026e-21
 1.280000e+05     4.158607e-21
 1.300000e+05     4.319192e-21
 1.320000e+05     3.198640e-21
 1.340000e+05     2.372492e-21
 1.360000e+05     2.390671e-21
 1.380000e+05     2.317704e-21
 1.400000e+05     2.156605e-21
 1.420000e+05     2.151437e-21
 1.440000e+05     2.176489e-21
 1.460000e+05     2.057389e-21
 1.480000e+05     1.913152e-21
 1.500000e+05     1.875597e-21
 1.520000e+05     1.887629e-21
 1.540000e+05     1.926583e-21
 1.560000e+05     2.251824e-21
 1.580000e+05     2.461864e-21
 1.600000e+05     2.468009e-21
 1.620000e+05     2.336580e-21
 1.640000e+05     2.642159e-21
 1.660000e+05     3.129644e-21
 1.680000e+05     3.418629e-21
 1.700000e+05     3.595131e-21
 1.720000e+05     3.876746e-21
 1.740000e+05     3.994649e-21
 1.760000e+05     3.706550e-21
 1.780000e+05     3.357001e-21
 1.800000e+05     3.072552e-21
 1.820000e+05     2.901218e-21
 1.840000e+05     2.790698e-21
 1.860000e+05     2.771198e-21
 1.880000e+05     3.272668e-21
 1.900000e+05     3.485632e-21
 1.920000e+05     3.486092e-21
 1.940000e+05     3.002842e-21
 1.960000e+05     2.854049e-21
 1.980000e+05     2.836171e-21
 2.000000e+05     2.859838e-21
 2.020000e+05     2.897936e-21
 2.040000e+05     2.942475e-21
 2.060000e+05     2.989510e-21
 2.080000e+05     3.040193e-21
 2.100000e+05     3.092806e-21
 2.120000e+05     3.147212e-21
 2.140000e+05     3.201543e-21
 2.160000e+05     3.256525e-21
 2.180000e+05     3.312907e-21
 2.200000e+05     3.370733e-21
 2.220000e+05     3.428998e-21
 2.240000e+05     3.489302e-21
 2.260000e+05     3.548336e-21
 2.280000e+05     3.611668e-21
 2.300000e+05     3.674122e-21
 2.320000e+05     3.737136e-21
 2.340000e+05     3.799895e-21
 2.360000e+05     3.863246e-21
 2.380000e+05     3.928196e-21
 2.400000e+05     3.994040e-21
 2.420000e+05     4.061219e-21
 2.440000e+05     4.127499e-21
 2.460000e+05     4.196168e-21
 2.480000e+05     4.265462e-21
 2.500000e+05     4.335351e-21
 2.520000e+05     4.406058e-21
 2.540000e+05     4.476416e-21
 2.560000e+05     4.556791e-21
 2.580000e+05     4.688840e-21
 2.600000e+05     4.890205e-21
 2.620000e+05     5.043735e-21
 2.640000e+05     5.125558e-21
 2.660000e+05     5.151463e-21
 2.680000e+05     5.109627e-21
 2.700000e+05     5.110526e-21
 2.720000e+05     5.179652e-21
 2.740000e+05     5.262930e-21
 2.760000e+05     5.349809e-21
 2.780000e+05     5.438770e-21
 2.800000e+05     5.539660e-21
 2.820000e+05     5.685343e-21
 2.840000e+05     5.837208e-21
 2.860000e+05     5.945211e-21
 2.880000e+05     6.039721e-21
 2.900000e+05     6.105231e-21
 2.920000e+05     6.139048e-21
 2.940000e+05     6.214055e-21
 2.960000e+05     6.317870e-21
 2.980000e+05     6.426522e-21
 3.000000e+05     6.537427e-21
 3.020000e+05     6.648700e-21
 3.040000e+05     6.765243e-21
 3.060000e+05     6.884722e-21
 3.080000e+05     7.007597e-21
 3.100000e+05     7.134171e-21
 3.120000e+05     7.265872e-21
 3.140000e+05     7.401640e-21
 3.160000e+05     7.543219e-21
 3.180000e+05     7.691275e-21
 3.200000e+05     7.847433e-21
 3.220000e+05     8.015697e-21
 3.240000e+05     8.196351e-21
 3.260000e+05     8.392590e-21
 3.280000e+05     8.604723e-21
 3.300000e+05     8.830749e-21
 3.320000e+05     9.086661e-21
 3.340000e+05     9.628655e-21
 3.360000e+05     1.058727e-20
 3.380000e+05     1.113913e-20
 3.400000e+05     1.129285e-20
 3.420000e+05     1.136431e-20
 3.440000e+05     1.122253e-20
 3.460000e+05     1.068136e-20
 3.480000e+05     1.105238e-20
 3.500000e+05     1.227720e-20
 3.520000e+05     1.278876e-20
 3.540000e+05     1.296354e-20
 3.560000e+05     1.308701e-20
 3.580000e+05     1.282748e-20
 3.600000e+05     1.178907e-20
 3.620000e+05     1.120259e-20
 3.640000e+05     1.125983e-20
 3.660000e+05     1.143491e-20
 3.680000e+05     1.161827e-20
 3.700000e+05     1.180260e-20
 3.720000e+05     1.198624e-20
 3.740000e+05     1.217067e-20
 3.760000e+05     1.235508e-20
 3.780000e+05     1.253798e-20
 3.800000e+05     1.272078e-20
 3.820000e+05     1.290353e-20
 3.840000e+05     1.308631e-20
 3.860000e+05     1.326907e-20
 3.880000e+05     1.345186e-20
 3.900000e+05     1.363466e-20
 3.920000e+05     1.381749e-20
 4.320000e+05     1.747225e-20
 4.760000e+05     2.151753e-20
 5.250000e+05     2.600139e-20
 5.790000e+05     3.090524e-20
 6.390000e+05     3.636349e-20
 7.040000e+05     4.234327e-20
 7.760000e+05     5.551797e-20
 8.560000e+05     7.446969e-20
 9.430000e+05     9.736828e-20
 1.040000e+06     1.218562e-19
 1.147000e+06     1.449002e-19
 1.264000e+06     1.630740e-19
 1.394000e+06     1.740936e-19
 1.537000e+06     1.767381e-19
 1.694000e+06     1.713117e-19
 1.868000e+06     1.591402e-19
 2.059000e+06     1.422781e-19
 2.270000e+06     1.228872e-19
 2.503000e+06     1.029082e-19
 2.760000e+06     8.381474e-20
 3.043000e+06     6.663557e-20
 3.354000e+06     5.184226e-20
 3.698000e+06     3.955285e-20
 4.077000e+06     2.967093e-20
 4.495000e+06     2.192782e-20
 4.956000e+06     1.599199e-20
 5.464000e+06     1.152773e-20
 6.024000e+06     8.223454e-21
 6.641000e+06     5.813748e-21
 7.322000e+06     4.077236e-21
 8.073000e+06     2.838040e-21
 8.900000e+06     1.963669e-21
 9.813000e+06     1.380305e-21
 1.082000e+07     9.723950e-22
 1.193000e+07     6.855887e-22
 1.315000e+07     4.843058e-22
 1.450000e+07     3.429550e-22
 1.598000e+07     2.435173e-22
 1.762000e+07     1.735968e-22
 1.943000e+07     1.245463e-22
 2.142000e+07     9.038620e-23
 2.362000e+07     6.651673e-23
 2.604000e+07     4.995594e-23
 2.871000e+07     3.837447e-23
 3.165000e+07     3.083622e-23
 3.489000e+07     2.547755e-23
 3.847000e+07     2.223526e-23
 4.241000e+07     2.030699e-23
 4.676000e+07     1.925270e-23
 5.155000e+07     1.889458e-23
 5.683000e+07     1.906121e-23
 6.266000e+07     1.985098e-23
 6.908000e+07     2.081495e-23
 7.616000e+07     2.204094e-23
 8.397000e+07     2.333625e-23
 9.258000e+07     2.518062e-23
 1.020700e+08     2.692928e-23
 1.125300e+08     2.902889e-23
 1.240600e+08     3.139298e-23
 1.367800e+08     3.374003e-23
 1.508000e+08     3.645751e-23
 1.662500e+08     3.961375e-23
 1.833000e+08     4.266508e-23
 2.020800e+08     4.616705e-23
 2.228000e+08     4.973987e-23
 2.456300e+08     5.385772e-23
 2.708100e+08     5.831473e-23
 2.985700e+08     6.294761e-23
 3.291700e+08     6.810475e-23
 3.629100e+08     7.352830e-23
 4.001100e+08     7.946276e-23
 4.411200e+08     8.593822e-23
 4.863400e+08     9.293010e-23
 5.361900e+08     1.004471e-22
 5.911500e+08     1.087583e-22
 6.517400e+08     1.175863e-22
 7.185400e+08     1.271235e-22
 7.921900e+08     1.374446e-22
 8.733900e+08     1.485433e-22
 9.629200e+08     1.606065e-22
 1.000000e+09     1.655036e-22
