## EBL from Khaire & Srianand 2018; Q20 Model with alpha=-2.0 
## Column1:wavelength (Angstrom);  Column2:EBL specific intensity J_nu (erg/s/cm^2/Hz/Sr)
## ===========================================================================================
 1.000000e-08     1.013912e-36
 1.122019e-08     1.475496e-36
 1.258925e-08     2.120367e-36
 1.412538e-08     2.994089e-36
 1.584893e-08     4.149606e-36
 1.778279e-08     5.648156e-36
 1.995263e-08     7.560181e-36
 2.238721e-08     9.966398e-36
 2.511887e-08     1.295925e-35
 2.818382e-08     1.664438e-35
 3.162278e-08     2.114287e-35
 3.548135e-08     2.659342e-35
 3.981071e-08     3.315532e-35
 4.466837e-08     4.101200e-35
 5.011870e-08     5.037452e-35
 5.623413e-08     6.148683e-35
 6.309576e-08     7.463049e-35
 7.079456e-08     9.013101e-35
 7.943284e-08     1.083656e-34
 8.912505e-08     1.297702e-34
 1.000000e-07     1.548507e-34
 1.122019e-07     1.841926e-34
 1.258925e-07     2.184739e-34
 1.412538e-07     2.584819e-34
 1.584892e-07     3.051270e-34
 1.778279e-07     3.594670e-34
 1.995263e-07     4.227258e-34
 2.238721e-07     4.963218e-34
 2.511887e-07     5.819011e-34
 2.818382e-07     6.813691e-34
 3.162278e-07     7.969371e-34
 3.548136e-07     9.311652e-34
 3.981071e-07     1.087020e-33
 4.466837e-07     1.267944e-33
 5.011870e-07     1.477920e-33
 5.623413e-07     1.721573e-33
 6.309576e-07     2.004254e-33
 7.079456e-07     2.332164e-33
 7.943284e-07     2.712500e-33
 8.912505e-07     3.153586e-33
 1.000000e-06     3.665087e-33
 1.122019e-06     4.258188e-33
 1.258925e-06     4.945846e-33
 1.412538e-06     5.743106e-33
 1.584893e-06     6.667360e-33
 1.778279e-06     7.738797e-33
 1.995263e-06     8.980802e-33
 2.238721e-06     1.042045e-32
 2.511887e-06     1.208916e-32
 2.818382e-06     1.402329e-32
 3.162278e-06     1.626503e-32
 3.548136e-06     1.886322e-32
 3.981071e-06     2.187443e-32
 4.466837e-06     2.536433e-32
 5.011870e-06     2.940888e-32
 5.623413e-06     3.409622e-32
 6.309576e-06     3.952841e-32
 7.079456e-06     4.582366e-32
 7.943284e-06     5.311915e-32
 8.912505e-06     6.157357e-32
 1.000000e-05     7.137112e-32
 1.122019e-05     8.272501e-32
 1.258925e-05     9.588220e-32
 1.412538e-05     1.111294e-31
 1.584893e-05     1.287980e-31
 1.778279e-05     1.492730e-31
 1.995263e-05     1.729998e-31
 2.238721e-05     2.004945e-31
 2.511887e-05     2.323557e-31
 2.818382e-05     2.692765e-31
 3.162278e-05     3.120608e-31
 3.548135e-05     3.616390e-31
 3.981071e-05     4.190898e-31
 4.466837e-05     4.856638e-31
 5.011870e-05     5.628086e-31
 5.623413e-05     6.522041e-31
 6.309577e-05     7.557948e-31
 7.079457e-05     8.758331e-31
 7.943284e-05     1.014933e-30
 8.912505e-05     1.176118e-30
 1.000000e-04     1.362899e-30
 1.122018e-04     1.579336e-30
 1.258926e-04     1.829998e-30
 1.412538e-04     2.116327e-30
 1.584893e-04     2.445432e-30
 1.778279e-04     2.825593e-30
 1.995262e-04     3.266209e-30
 2.238722e-04     3.778064e-30
 2.511887e-04     4.373649e-30
 2.818383e-04     5.067564e-30
 3.162278e-04     5.876952e-30
 3.548134e-04     6.821999e-30
 3.981073e-04     7.926537e-30
 4.466837e-04     9.218724e-30
 5.011873e-04     1.073188e-29
 5.623413e-04     1.250545e-29
 6.309572e-04     1.458620e-29
 7.079460e-04     1.702956e-29
 7.943284e-04     1.990129e-29
 8.912510e-04     2.327949e-29
 1.000000e-03     2.725694e-29
 1.122018e-03     3.194392e-29
 1.258926e-03     3.747166e-29
 1.412538e-03     4.399618e-29
 1.584893e-03     5.170334e-29
 1.778279e-03     6.081460e-29
 1.995262e-03     7.159380e-29
 2.238722e-03     8.435560e-29
 2.511887e-03     9.947512e-29
 2.818383e-03     1.174002e-28
 3.162278e-03     1.386655e-28
 3.548133e-03     1.639093e-28
 3.981073e-03     1.938946e-28
 4.466837e-03     2.295323e-28
 5.011873e-03     2.719128e-28
 5.623413e-03     3.223409e-28
 6.309573e-03     3.823824e-28
 7.079460e-03     4.539229e-28
 7.943284e-03     5.392456e-28
 8.912510e-03     6.411373e-28
 1.000000e-02     7.630263e-28
 1.122019e-02     9.091591e-28
 1.258925e-02     1.084811e-27
 1.412538e-02     1.296542e-27
 1.584894e-02     1.552457e-27
 1.778279e-02     1.862502e-27
 1.995263e-02     2.238766e-27
 2.238721e-02     2.695771e-27
 2.511887e-02     3.250831e-27
 2.818385e-02     3.924399e-27
 3.162277e-02     4.740503e-27
 3.548136e-02     5.727316e-27
 3.981071e-02     6.917739e-27
 4.466837e-02     8.350337e-27
 5.011876e-02     1.007028e-26
 5.623413e-02     1.213065e-26
 6.309576e-02     1.459411e-26
 7.079456e-02     1.753461e-26
 7.943284e-02     2.103993e-26
 8.912515e-02     2.521422e-26
 1.000000e-01     3.018137e-26
 1.122019e-01     3.609138e-26
 1.258925e-01     4.300214e-26
 1.412538e-01     5.078494e-26
 1.584894e-01     5.931680e-26
 1.778279e-01     6.848647e-26
 1.995263e-01     7.819569e-26
 2.238721e-01     8.835789e-26
 2.511887e-01     9.889789e-26
 2.818385e-01     1.097505e-25
 3.162278e-01     1.208597e-25
 3.548135e-01     1.321789e-25
 3.981071e-01     1.436696e-25
 4.466837e-01     1.553016e-25
 5.011876e-01     1.670516e-25
 5.623413e-01     1.789028e-25
 6.309576e-01     1.908445e-25
 7.079456e-01     2.028706e-25
 7.943284e-01     2.149789e-25
 8.912515e-01     2.271705e-25
 1.000000e+00     2.394487e-25
 1.122019e+00     2.518184e-25
 1.258925e+00     2.642855e-25
 1.412538e+00     2.768564e-25
 1.584894e+00     2.895369e-25
 1.778279e+00     3.023330e-25
 1.995263e+00     3.152500e-25
 2.238721e+00     3.282923e-25
 2.511887e+00     3.414644e-25
 2.818385e+00     3.547704e-25
 3.162278e+00     3.682155e-25
 3.548136e+00     3.818069e-25
 3.981071e+00     3.955548e-25
 4.466837e+00     4.094755e-25
 5.011876e+00     4.235922e-25
 5.623413e+00     4.379391e-25
 6.309576e+00     4.524307e-25
 7.079456e+00     4.646644e-25
 7.943284e+00     4.758661e-25
 8.912516e+00     4.870790e-25
 1.000000e+01     4.990736e-25
 1.122019e+01     5.124137e-25
 1.258925e+01     5.276511e-25
 1.412538e+01     5.500239e-25
 1.584894e+01     5.816744e-25
 1.778279e+01     6.245019e-25
 1.995263e+01     6.804902e-25
 2.238721e+01     7.517186e-25
 2.511887e+01     8.402252e-25
 2.818385e+01     9.476656e-25
 3.162278e+01     1.074756e-24
 3.548135e+01     1.224908e-24
 3.981071e+01     1.385359e-24
 4.466837e+01     1.573707e-24
 5.011876e+01     1.784735e-24
 5.623413e+01     2.006881e-24
 6.309576e+01     2.248395e-24
 7.079456e+01     2.522591e-24
 7.943284e+01     2.833826e-24
 8.912515e+01     3.199806e-24
 1.000000e+02     3.622528e-24
 1.120000e+02     4.104509e-24
 1.250000e+02     4.623517e-24
 1.400000e+02     5.214926e-24
 1.550000e+02     5.775836e-24
 1.650000e+02     6.130969e-24
 1.750000e+02     6.474131e-24
 1.850000e+02     6.803195e-24
 1.900000e+02     6.971335e-24
 1.950000e+02     7.144826e-24
 2.000000e+02     7.338156e-24
 2.050000e+02     7.595260e-24
 2.100000e+02     7.992649e-24
 2.150000e+02     8.682580e-24
 2.180000e+02     9.362155e-24
 2.210000e+02     1.035512e-23
 2.240000e+02     1.183658e-23
 2.260000e+02     1.320698e-23
 2.270000e+02     1.403896e-23
 2.275000e+02     1.449244e-23
 2.278400e+02     1.481692e-23
 2.380000e+02     2.073853e-23
 2.500000e+02     2.719138e-23
 2.700000e+02     3.630514e-23
 2.900000e+02     4.470400e-23
 3.035000e+02     5.034236e-23
 3.037800e+02     8.511599e-23
 3.045000e+02     8.494363e-23
 3.060000e+02     8.474320e-23
 3.080000e+02     8.454225e-23
 3.100000e+02     8.431384e-23
 3.120000e+02     8.417304e-23
 3.150000e+02     8.383213e-23
 3.200000e+02     8.361113e-23
 3.250000e+02     8.314310e-23
 3.300000e+02     8.298522e-23
 3.400000e+02     8.305882e-23
 3.600000e+02     8.438181e-23
 3.800000e+02     8.747188e-23
 4.050000e+02     9.349131e-23
 4.250000e+02     9.978523e-23
 4.500000e+02     1.088236e-22
 4.650000e+02     1.148978e-22
 4.750000e+02     1.185851e-22
 4.820000e+02     1.217201e-22
 4.870000e+02     1.237738e-22
 4.910000e+02     1.253997e-22
 4.950000e+02     1.269584e-22
 4.980000e+02     1.281931e-22
 5.000000e+02     1.291069e-22
 5.020000e+02     1.304746e-22
 5.039800e+02     1.312690e-22
 5.100000e+02     1.344624e-22
 5.250000e+02     1.420508e-22
 5.600000e+02     1.607273e-22
 6.000000e+02     1.817932e-22
 6.500000e+02     2.091739e-22
 7.000000e+02     2.385971e-22
 7.500000e+02     2.708921e-22
 8.000000e+02     3.074420e-22
 8.300000e+02     3.321964e-22
 8.600000e+02     3.601353e-22
 8.800000e+02     3.819436e-22
 8.900000e+02     3.923445e-22
 8.960000e+02     3.997147e-22
 9.000000e+02     4.040433e-22
 9.030000e+02     4.073172e-22
 9.060000e+02     4.106176e-22
 9.090000e+02     4.150140e-22
 9.117800e+02     4.182599e-22
 9.300000e+02     7.255515e-22
 9.500000e+02     8.744721e-22
 9.750000e+02     1.359594e-21
 9.900000e+02     1.575865e-21
 1.005000e+03     1.884053e-21
 1.025000e+03     2.343677e-21
 1.045000e+03     2.804348e-21
 1.065000e+03     3.403290e-21
 1.085000e+03     4.073034e-21
 1.105000e+03     4.712867e-21
 1.125000e+03     5.461733e-21
 1.145000e+03     6.155150e-21
 1.165000e+03     6.954515e-21
 1.185000e+03     7.686680e-21
 1.205000e+03     8.464850e-21
 1.215600e+03     8.808813e-21
 1.215670e+03     9.124862e-21
 1.216000e+03     9.136113e-21
 1.218000e+03     9.203581e-21
 1.221000e+03     9.304631e-21
 1.225000e+03     9.431161e-21
 1.230000e+03     9.580305e-21
 1.240000e+03     9.931698e-21
 1.250000e+03     1.032692e-20
 1.265000e+03     1.103356e-20
 1.285000e+03     1.192320e-20
 1.305000e+03     1.289554e-20
 1.325000e+03     1.383821e-20
 1.345000e+03     1.481554e-20
 1.365000e+03     1.579613e-20
 1.385000e+03     1.676211e-20
 1.405000e+03     1.770038e-20
 1.425000e+03     1.860064e-20
 1.442000e+03     1.935950e-20
 1.455000e+03     2.001829e-20
 1.475000e+03     2.097780e-20
 1.517000e+03     2.280274e-20
 1.595000e+03     2.575459e-20
 1.672000e+03     2.858244e-20
 1.745000e+03     3.107425e-20
 1.825000e+03     3.351994e-20
 1.905000e+03     3.558237e-20
 1.984000e+03     3.736485e-20
 2.065000e+03     3.884899e-20
 2.135000e+03     3.981360e-20
 2.215000e+03     4.074302e-20
 2.295000e+03     4.159417e-20
 2.375000e+03     4.241456e-20
 2.455000e+03     4.333361e-20
 2.525000e+03     4.412004e-20
 2.605000e+03     4.509541e-20
 2.685000e+03     4.623894e-20
 2.765000e+03     4.726938e-20
 2.845000e+03     4.812730e-20
 2.950000e+03     4.947214e-20
 3.110000e+03     5.147975e-20
 3.270000e+03     5.329398e-20
 3.430000e+03     5.499137e-20
 3.590000e+03     5.661736e-20
 3.730000e+03     5.825262e-20
 3.890000e+03     6.275991e-20
 4.050000e+03     6.706537e-20
 4.210000e+03     7.395852e-20
 4.370000e+03     8.016379e-20
 4.530000e+03     8.617733e-20
 4.690000e+03     9.205803e-20
 4.850000e+03     9.708149e-20
 5.010000e+03     1.014812e-19
 5.170000e+03     1.057185e-19
 5.330000e+03     1.097336e-19
 5.490000e+03     1.135452e-19
 5.650000e+03     1.172580e-19
 5.810000e+03     1.208617e-19
 5.970000e+03     1.239744e-19
 6.130000e+03     1.270340e-19
 6.290000e+03     1.297057e-19
 6.450000e+03     1.322593e-19
 6.610000e+03     1.345706e-19
 6.770000e+03     1.368953e-19
 6.930000e+03     1.390245e-19
 7.090000e+03     1.409691e-19
 7.250000e+03     1.427859e-19
 7.410000e+03     1.445274e-19
 7.570000e+03     1.462191e-19
 7.730000e+03     1.480109e-19
 7.890000e+03     1.496387e-19
 8.050000e+03     1.511667e-19
 8.210000e+03     1.526666e-19
 8.370000e+03     1.540916e-19
 8.530000e+03     1.554464e-19
 8.690000e+03     1.567630e-19
 8.850000e+03     1.582580e-19
 9.010000e+03     1.596886e-19
 9.170000e+03     1.610831e-19
 9.330000e+03     1.627098e-19
 9.490000e+03     1.641527e-19
 9.650000e+03     1.656143e-19
 9.810000e+03     1.669495e-19
 9.970000e+03     1.684200e-19
 1.050000e+04     1.722786e-19
 1.150000e+04     1.768652e-19
 1.250000e+04     1.802577e-19
 1.350000e+04     1.826270e-19
 1.450000e+04     1.847380e-19
 1.550000e+04     1.874202e-19
 1.650000e+04     1.895365e-19
 1.750000e+04     1.897100e-19
 1.850000e+04     1.879028e-19
 1.950000e+04     1.844744e-19
 2.050000e+04     1.803512e-19
 2.150000e+04     1.758028e-19
 2.250000e+04     1.707467e-19
 2.350000e+04     1.645664e-19
 2.450000e+04     1.572739e-19
 2.550000e+04     1.509405e-19
 2.650000e+04     1.447707e-19
 2.750000e+04     1.394227e-19
 2.850000e+04     1.345231e-19
 2.950000e+04     1.299032e-19
 3.050000e+04     1.254862e-19
 3.150000e+04     1.212327e-19
 3.250000e+04     1.171006e-19
 3.350000e+04     1.130775e-19
 3.450000e+04     1.091822e-19
 3.550000e+04     1.054532e-19
 3.650000e+04     1.018703e-19
 3.750000e+04     9.842738e-20
 3.850000e+04     9.514792e-20
 3.950000e+04     9.220784e-20
 4.050000e+04     8.966606e-20
 4.150000e+04     8.669993e-20
 4.250000e+04     8.374189e-20
 4.350000e+04     8.077337e-20
 4.450000e+04     7.787565e-20
 4.550000e+04     7.511374e-20
 4.650000e+04     7.258144e-20
 4.750000e+04     7.034576e-20
 4.850000e+04     6.842819e-20
 4.950000e+04     6.685603e-20
 5.050000e+04     6.568163e-20
 5.150000e+04     6.496413e-20
 5.250000e+04     6.474625e-20
 5.350000e+04     6.504917e-20
 5.450000e+04     6.587330e-20
 5.550000e+04     6.677194e-20
 5.650000e+04     6.835776e-20
 5.750000e+04     7.077080e-20
 5.850000e+04     7.273717e-20
 5.950000e+04     7.435730e-20
 6.050000e+04     7.746998e-20
 6.150000e+04     8.452679e-20
 6.250000e+04     1.016743e-19
 6.350000e+04     1.141435e-19
 6.450000e+04     1.196975e-19
 6.550000e+04     1.234802e-19
 6.650010e+04     1.258740e-19
 6.750010e+04     1.293697e-19
 6.850010e+04     1.318268e-19
 6.950010e+04     1.358959e-19
 7.020000e+04     1.401036e-19
 7.100000e+04     1.450659e-19
 7.180000e+04     1.499222e-19
 7.260000e+04     1.544699e-19
 7.340000e+04     1.612182e-19
 7.420000e+04     1.710799e-19
 7.500000e+04     1.844968e-19
 7.580000e+04     2.016290e-19
 7.660000e+04     2.205642e-19
 7.740000e+04     2.386715e-19
 7.820000e+04     2.557714e-19
 7.900000e+04     2.707389e-19
 7.980000e+04     2.823524e-19
 8.060000e+04     2.906475e-19
 8.140000e+04     2.958102e-19
 8.220000e+04     2.996045e-19
 8.300000e+04     3.023104e-19
 8.380000e+04     3.044349e-19
 8.460000e+04     3.065439e-19
 8.540000e+04     3.090808e-19
 8.620000e+04     3.119628e-19
 8.700000e+04     3.141633e-19
 8.780000e+04     3.139308e-19
 8.860000e+04     3.114803e-19
 8.940000e+04     3.083921e-19
 9.020000e+04     3.037773e-19
 9.100000e+04     2.992549e-19
 9.180000e+04     2.946023e-19
 9.260000e+04     2.896269e-19
 9.340000e+04     2.850064e-19
 9.420000e+04     2.801071e-19
 9.500000e+04     2.754705e-19
 9.580000e+04     2.712483e-19
 9.660000e+04     2.676536e-19
 9.740000e+04     2.642774e-19
 9.820000e+04     2.604165e-19
 9.900000e+04     2.564808e-19
 9.980000e+04     2.524015e-19
 1.006000e+05     2.485810e-19
 1.020000e+05     2.428723e-19
 1.040000e+05     2.354942e-19
 1.060000e+05     2.315516e-19
 1.080000e+05     2.296554e-19
 1.100000e+05     2.276944e-19
 1.120000e+05     2.374528e-19
 1.140000e+05     2.605400e-19
 1.160000e+05     2.683097e-19
 1.180000e+05     2.739176e-19
 1.200000e+05     2.807866e-19
 1.220000e+05     2.912005e-19
 1.240000e+05     3.040751e-19
 1.260000e+05     3.220504e-19
 1.280000e+05     3.500031e-19
 1.300000e+05     3.757993e-19
 1.320000e+05     3.865274e-19
 1.340000e+05     3.973924e-19
 1.360000e+05     4.071015e-19
 1.380000e+05     4.187385e-19
 1.400000e+05     4.266025e-19
 1.420000e+05     4.379487e-19
 1.440000e+05     4.461947e-19
 1.460000e+05     4.560606e-19
 1.480000e+05     4.637299e-19
 1.500000e+05     4.726870e-19
 1.520000e+05     4.804798e-19
 1.540000e+05     4.884032e-19
 1.560000e+05     4.986475e-19
 1.580000e+05     5.068642e-19
 1.600000e+05     5.143730e-19
 1.620000e+05     5.204866e-19
 1.640000e+05     5.304807e-19
 1.660000e+05     5.424598e-19
 1.680000e+05     5.541306e-19
 1.700000e+05     5.664716e-19
 1.720000e+05     5.819561e-19
 1.740000e+05     5.947470e-19
 1.760000e+05     6.039245e-19
 1.780000e+05     6.137375e-19
 1.800000e+05     6.224920e-19
 1.820000e+05     6.303107e-19
 1.840000e+05     6.393619e-19
 1.860000e+05     6.492404e-19
 1.880000e+05     6.653562e-19
 1.900000e+05     6.782723e-19
 1.920000e+05     6.906980e-19
 1.940000e+05     7.037352e-19
 1.960000e+05     7.192291e-19
 1.980000e+05     7.355514e-19
 2.000000e+05     7.528268e-19
 2.020000e+05     7.724130e-19
 2.040000e+05     7.933169e-19
 2.060000e+05     8.137799e-19
 2.080000e+05     8.355145e-19
 2.100000e+05     8.591240e-19
 2.120000e+05     8.826027e-19
 2.140000e+05     9.069341e-19
 2.160000e+05     9.339142e-19
 2.180000e+05     9.613846e-19
 2.200000e+05     9.886654e-19
 2.220000e+05     1.016980e-18
 2.240000e+05     1.047473e-18
 2.260000e+05     1.078258e-18
 2.280000e+05     1.108795e-18
 2.300000e+05     1.140757e-18
 2.320000e+05     1.175152e-18
 2.340000e+05     1.210881e-18
 2.360000e+05     1.246299e-18
 2.380000e+05     1.282766e-18
 2.400000e+05     1.322196e-18
 2.420000e+05     1.362774e-18
 2.440000e+05     1.402977e-18
 2.460000e+05     1.444094e-18
 2.480000e+05     1.487452e-18
 2.500000e+05     1.532108e-18
 2.520000e+05     1.576124e-18
 2.540000e+05     1.620030e-18
 2.560000e+05     1.666781e-18
 2.580000e+05     1.717430e-18
 2.600000e+05     1.770318e-18
 2.620000e+05     1.822446e-18
 2.640000e+05     1.875445e-18
 2.660000e+05     1.931644e-18
 2.680000e+05     1.990544e-18
 2.700000e+05     2.050815e-18
 2.720000e+05     2.111619e-18
 2.740000e+05     2.172954e-18
 2.760000e+05     2.236372e-18
 2.780000e+05     2.302966e-18
 2.800000e+05     2.372491e-18
 2.820000e+05     2.443992e-18
 2.840000e+05     2.515248e-18
 2.860000e+05     2.586005e-18
 2.880000e+05     2.658197e-18
 2.900000e+05     2.733615e-18
 2.920000e+05     2.810349e-18
 2.940000e+05     2.889487e-18
 2.960000e+05     2.970237e-18
 2.980000e+05     3.051329e-18
 3.000000e+05     3.132058e-18
 3.020000e+05     3.216496e-18
 3.040000e+05     3.302183e-18
 3.060000e+05     3.389145e-18
 3.080000e+05     3.477861e-18
 3.100000e+05     3.567034e-18
 3.120000e+05     3.655900e-18
 3.140000e+05     3.747065e-18
 3.160000e+05     3.841479e-18
 3.180000e+05     3.936408e-18
 3.200000e+05     4.034313e-18
 3.220000e+05     4.135010e-18
 3.240000e+05     4.235662e-18
 3.260000e+05     4.338877e-18
 3.280000e+05     4.441621e-18
 3.300000e+05     4.545656e-18
 3.320000e+05     4.652145e-18
 3.340000e+05     4.769125e-18
 3.360000e+05     4.892055e-18
 3.380000e+05     5.009032e-18
 3.400000e+05     5.117933e-18
 3.420000e+05     5.225913e-18
 3.440000e+05     5.336039e-18
 3.460000e+05     5.448002e-18
 3.480000e+05     5.571947e-18
 3.500000e+05     5.702590e-18
 3.520000e+05     5.821872e-18
 3.540000e+05     5.934494e-18
 3.560000e+05     6.048124e-18
 3.580000e+05     6.157945e-18
 3.600000e+05     6.266697e-18
 3.620000e+05     6.380310e-18
 3.640000e+05     6.493763e-18
 3.660000e+05     6.605198e-18
 3.680000e+05     6.719916e-18
 3.700000e+05     6.835083e-18
 3.720000e+05     6.949160e-18
 3.740000e+05     7.066516e-18
 3.760000e+05     7.184911e-18
 3.780000e+05     7.303140e-18
 3.800000e+05     7.423947e-18
 3.820000e+05     7.545041e-18
 3.840000e+05     7.666175e-18
 3.860000e+05     7.788905e-18
 3.880000e+05     7.912052e-18
 3.900000e+05     8.036411e-18
 3.920000e+05     8.162878e-18
 4.320000e+05     1.080679e-17
 4.760000e+05     1.393777e-17
 5.250000e+05     1.749466e-17
 5.790000e+05     2.124736e-17
 6.390000e+05     2.497973e-17
 7.040000e+05     2.823493e-17
 7.760000e+05     3.074678e-17
 8.560000e+05     3.229887e-17
 9.430000e+05     3.278993e-17
 1.040000e+06     3.227271e-17
 1.147000e+06     3.087380e-17
 1.264000e+06     2.880980e-17
 1.394000e+06     2.627238e-17
 1.537000e+06     2.350670e-17
 1.694000e+06     2.070170e-17
 1.868000e+06     1.798066e-17
 2.059000e+06     1.546870e-17
 2.270000e+06     1.320674e-17
 2.503000e+06     1.121851e-17
 2.760000e+06     9.500158e-18
 3.043000e+06     8.030915e-18
 3.354000e+06     6.780106e-18
 3.698000e+06     5.707879e-18
 4.077000e+06     4.789763e-18
 4.495000e+06     4.000164e-18
 4.956000e+06     3.320250e-18
 5.464000e+06     2.736383e-18
 6.024000e+06     2.237640e-18
 6.641000e+06     1.815769e-18
 7.322000e+06     1.462755e-18
 8.073000e+06     1.171909e-18
 8.900000e+06     9.364023e-19
 9.813000e+06     7.484586e-19
 1.082000e+07     6.012659e-19
 1.193000e+07     4.881614e-19
 1.315000e+07     4.030766e-19
 1.450000e+07     3.400091e-19
 1.598000e+07     2.947490e-19
 1.762000e+07     2.629345e-19
 1.943000e+07     2.416237e-19
 2.142000e+07     2.283699e-19
 2.362000e+07     2.211782e-19
 2.604000e+07     2.186119e-19
 2.871000e+07     2.195936e-19
 3.165000e+07     2.233240e-19
 3.489000e+07     2.292178e-19
 3.847000e+07     2.368764e-19
 4.241000e+07     2.459677e-19
 4.676000e+07     2.563130e-19
 5.155000e+07     2.677423e-19
 5.683000e+07     2.801544e-19
 6.266000e+07     2.935173e-19
 6.908000e+07     3.077687e-19
 7.616000e+07     3.229088e-19
 8.397000e+07     3.389452e-19
 9.258000e+07     3.558844e-19
 1.020700e+08     3.737313e-19
 1.125300e+08     3.925291e-19
 1.240600e+08     4.123164e-19
 1.367800e+08     4.331549e-19
 1.508000e+08     4.550615e-19
 1.662500e+08     4.780828e-19
 1.833000e+08     5.022988e-19
 2.020800e+08     5.277388e-19
 2.228000e+08     5.545002e-19
 2.456300e+08     5.826142e-19
 2.708100e+08     6.121760e-19
 2.985700e+08     6.432567e-19
 3.291700e+08     6.759115e-19
 3.629100e+08     7.102365e-19
 4.001100e+08     7.463132e-19
 4.411200e+08     7.842275e-19
 4.863400e+08     8.240891e-19
 5.361900e+08     8.659906e-19
 5.911500e+08     9.100307e-19
 6.517400e+08     9.563215e-19
 7.185400e+08     1.004949e-18
 7.921900e+08     1.056062e-18
 8.733900e+08     1.109771e-18
 9.629200e+08     1.166237e-18
 1.000000e+09     1.188864e-18
