## EBL from Khaire & Srianand 2018; Q20 Model with alpha=-2.0 
## Column1:wavelength (Angstrom);  Column2:EBL specific intensity J_nu (erg/s/cm^2/Hz/Sr)
## ===========================================================================================
 1.000000e-08     6.729857e-41
 1.122019e-08     9.784606e-41
 1.258925e-08     1.394985e-40
 1.412538e-08     1.946500e-40
 1.584893e-08     2.662314e-40
 1.778279e-08     3.576536e-40
 1.995263e-08     4.728242e-40
 2.238721e-08     6.162013e-40
 2.511887e-08     7.928778e-40
 2.818382e-08     1.008672e-39
 3.162278e-08     1.270255e-39
 3.548135e-08     1.585280e-39
 3.981071e-08     1.962549e-39
 4.466837e-08     2.412215e-39
 5.011870e-08     2.945978e-39
 5.623413e-08     3.577378e-39
 6.309576e-08     4.322052e-39
 7.079456e-08     5.198099e-39
 7.943284e-08     6.226500e-39
 8.912505e-08     7.431517e-39
 1.000000e-07     8.841310e-39
 1.122019e-07     1.048847e-38
 1.258925e-07     1.241077e-38
 1.412538e-07     1.465205e-38
 1.584892e-07     1.726300e-38
 1.778279e-07     2.030254e-38
 1.995263e-07     2.383882e-38
 2.238721e-07     2.795087e-38
 2.511887e-07     3.273034e-38
 2.818382e-07     3.828335e-38
 3.162278e-07     4.473306e-38
 3.548136e-07     5.222203e-38
 3.981071e-07     6.091546e-38
 4.466837e-07     7.100509e-38
 5.011870e-07     8.271269e-38
 5.623413e-07     9.629579e-38
 6.309576e-07     1.120524e-37
 7.079456e-07     1.303278e-37
 7.943284e-07     1.515228e-37
 8.912505e-07     1.761008e-37
 1.000000e-06     2.046002e-37
 1.122019e-06     2.376437e-37
 1.258925e-06     2.759527e-37
 1.412538e-06     3.203651e-37
 1.584893e-06     3.718493e-37
 1.778279e-06     4.315295e-37
 1.995263e-06     5.007078e-37
 2.238721e-06     5.808918e-37
 2.511887e-06     6.738310e-37
 2.818382e-06     7.815499e-37
 3.162278e-06     9.063977e-37
 3.548136e-06     1.051094e-36
 3.981071e-06     1.218789e-36
 4.466837e-06     1.413139e-36
 5.011870e-06     1.638373e-36
 5.623413e-06     1.899401e-36
 6.309576e-06     2.201903e-36
 7.079456e-06     2.552463e-36
 7.943284e-06     2.958720e-36
 8.912505e-06     3.429507e-36
 1.000000e-05     3.975085e-36
 1.122019e-05     4.607322e-36
 1.258925e-05     5.339972e-36
 1.412538e-05     6.188998e-36
 1.584893e-05     7.172859e-36
 1.778279e-05     8.312975e-36
 1.995263e-05     9.634165e-36
 2.238721e-05     1.116516e-35
 2.511887e-05     1.293929e-35
 2.818382e-05     1.499515e-35
 3.162278e-05     1.737749e-35
 3.548135e-05     2.013814e-35
 3.981071e-05     2.333714e-35
 4.466837e-05     2.704415e-35
 5.011870e-05     3.133975e-35
 5.623413e-05     3.631750e-35
 6.309577e-05     4.208566e-35
 7.079457e-05     4.876966e-35
 7.943284e-05     5.651503e-35
 8.912505e-05     6.549017e-35
 1.000000e-04     7.589051e-35
 1.122018e-04     8.794214e-35
 1.258926e-04     1.018857e-34
 1.412538e-04     1.176463e-34
 1.584893e-04     1.358329e-34
 1.778279e-04     1.569368e-34
 1.995262e-04     1.814747e-34
 2.238722e-04     2.100391e-34
 2.511887e-04     2.433236e-34
 2.818383e-04     2.821463e-34
 3.162278e-04     3.274723e-34
 3.548134e-04     3.804419e-34
 3.981073e-04     4.424034e-34
 4.466837e-04     5.149514e-34
 5.011873e-04     5.999750e-34
 5.623413e-04     6.997118e-34
 6.309572e-04     8.168154e-34
 7.079460e-04     9.544350e-34
 7.943284e-04     1.116307e-33
 8.912510e-04     1.306871e-33
 1.000000e-03     1.531406e-33
 1.122018e-03     1.796188e-33
 1.258926e-03     2.108689e-33
 1.412538e-03     2.477797e-33
 1.584893e-03     2.914105e-33
 1.778279e-03     3.430238e-33
 1.995262e-03     4.041245e-33
 2.238722e-03     4.765081e-33
 2.511887e-03     5.623156e-33
 2.818383e-03     6.641044e-33
 3.162278e-03     7.849281e-33
 3.548133e-03     9.284333e-33
 3.981073e-03     1.098981e-32
 4.466837e-03     1.301780e-32
 5.011873e-03     1.543065e-32
 5.623413e-03     1.830310e-32
 6.309573e-03     2.172494e-32
 7.079460e-03     2.580466e-32
 7.943284e-03     3.067425e-32
 8.912510e-03     3.649578e-32
 1.000000e-02     4.346994e-32
 1.122019e-02     5.184664e-32
 1.258925e-02     6.193725e-32
 1.412538e-02     7.412891e-32
 1.584894e-02     8.889818e-32
 1.778279e-02     1.068262e-31
 1.995263e-02     1.286137e-31
 2.238721e-02     1.550956e-31
 2.511887e-02     1.872588e-31
 2.818385e-02     2.262618e-31
 3.162277e-02     2.734580e-31
 3.548136e-02     3.304301e-31
 3.981071e-02     3.990243e-31
 4.466837e-02     4.814055e-31
 5.011876e-02     5.801138e-31
 5.623413e-02     6.981412e-31
 6.309576e-02     8.390283e-31
 7.079456e-02     1.006965e-30
 7.943284e-02     1.206934e-30
 8.912515e-02     1.444860e-30
 1.000000e-01     1.727800e-30
 1.122019e-01     2.064498e-30
 1.258925e-01     2.451933e-30
 1.412538e-01     2.874651e-30
 1.584894e-01     3.325928e-30
 1.778279e-01     3.801418e-30
 1.995263e-01     4.297515e-30
 2.238721e-01     4.810955e-30
 2.511887e-01     5.338820e-30
 2.818385e-01     5.878542e-30
 3.162278e-01     6.427932e-30
 3.548135e-01     6.985208e-30
 3.981071e-01     7.548947e-30
 4.466837e-01     8.118092e-30
 5.011876e-01     8.691886e-30
 5.623413e-01     9.269847e-30
 6.309576e-01     9.849749e-30
 7.079456e-01     1.043383e-29
 7.943284e-01     1.102134e-29
 8.912515e-01     1.161189e-29
 1.000000e+00     1.220506e-29
 1.122019e+00     1.280017e-29
 1.258925e+00     1.339605e-29
 1.412538e+00     1.399075e-29
 1.584894e+00     1.458111e-29
 1.778279e+00     1.516222e-29
 1.995263e+00     1.572658e-29
 2.238721e+00     1.626296e-29
 2.511887e+00     1.675488e-29
 2.818385e+00     1.717870e-29
 3.162278e+00     1.750151e-29
 3.548136e+00     1.767937e-29
 3.981071e+00     1.765714e-29
 4.466837e+00     1.737184e-29
 5.011876e+00     1.676234e-29
 5.623413e+00     1.578654e-29
 6.309576e+00     1.442793e-29
 7.079456e+00     1.261253e-29
 7.943284e+00     1.064446e-29
 8.912516e+00     8.748105e-30
 1.000000e+01     6.975470e-30
 1.122019e+01     5.436416e-30
 1.258925e+01     4.175223e-30
 1.412538e+01     3.241988e-30
 1.584894e+01     2.531679e-30
 1.778279e+01     1.994854e-30
 1.995263e+01     1.588906e-30
 2.238721e+01     1.281123e-30
 2.511887e+01     1.045414e-30
 2.818385e+01     8.631113e-31
 3.162278e+01     7.203596e-31
 3.548135e+01     6.070318e-31
 3.981071e+01     5.160446e-31
 4.466837e+01     4.420969e-31
 5.011876e+01     3.814348e-31
 5.623413e+01     3.312964e-31
 6.309576e+01     2.894406e-31
 7.079456e+01     2.543994e-31
 7.943284e+01     2.248527e-31
 8.912515e+01     1.999455e-31
 1.000000e+02     1.788513e-31
 1.120000e+02     1.612331e-31
 1.250000e+02     1.467532e-31
 1.400000e+02     1.340807e-31
 1.550000e+02     1.244514e-31
 1.650000e+02     1.192900e-31
 1.750000e+02     1.150002e-31
 1.850000e+02     1.116882e-31
 1.900000e+02     1.108845e-31
 1.950000e+02     1.114515e-31
 2.000000e+02     1.149615e-31
 2.050000e+02     1.247236e-31
 2.100000e+02     1.474124e-31
 2.150000e+02     1.959860e-31
 2.180000e+02     2.469653e-31
 2.210000e+02     3.239011e-31
 2.240000e+02     4.384931e-31
 2.260000e+02     5.436644e-31
 2.270000e+02     6.071380e-31
 2.275000e+02     6.419868e-31
 2.278400e+02     6.669544e-31
 2.380000e+02     4.590811e-24
 2.500000e+02     5.050686e-24
 2.700000e+02     5.339292e-24
 2.900000e+02     5.611628e-24
 3.035000e+02     5.789118e-24
 3.037800e+02     5.798523e-24
 3.045000e+02     5.805443e-24
 3.060000e+02     5.822946e-24
 3.080000e+02     5.847337e-24
 3.100000e+02     5.872754e-24
 3.120000e+02     5.898261e-24
 3.150000e+02     5.936292e-24
 3.200000e+02     5.999111e-24
 3.250000e+02     6.061426e-24
 3.300000e+02     6.122835e-24
 3.400000e+02     6.243884e-24
 3.600000e+02     6.478409e-24
 3.800000e+02     6.703279e-24
 4.050000e+02     6.972419e-24
 4.250000e+02     7.179591e-24
 4.500000e+02     7.428465e-24
 4.650000e+02     7.576711e-24
 4.750000e+02     7.673529e-24
 4.820000e+02     7.740605e-24
 4.870000e+02     7.788059e-24
 4.910000e+02     7.825538e-24
 4.950000e+02     7.862812e-24
 4.980000e+02     7.890815e-24
 5.000000e+02     7.909494e-24
 5.020000e+02     7.928487e-24
 5.039800e+02     7.948422e-24
 5.100000e+02     1.081992e-23
 5.250000e+02     1.111128e-23
 5.600000e+02     1.142892e-23
 6.000000e+02     1.182086e-23
 6.500000e+02     1.247678e-23
 7.000000e+02     1.343377e-23
 7.500000e+02     1.491242e-23
 8.000000e+02     1.707574e-23
 8.300000e+02     1.882317e-23
 8.600000e+02     2.096615e-23
 8.800000e+02     2.263825e-23
 8.900000e+02     2.355321e-23
 8.960000e+02     2.412850e-23
 9.000000e+02     2.452338e-23
 9.030000e+02     2.482610e-23
 9.060000e+02     2.513239e-23
 9.090000e+02     2.544571e-23
 9.117800e+02     2.573907e-23
 9.300000e+02     7.629203e-22
 9.500000e+02     2.066803e-21
 9.750000e+02     4.101852e-21
 9.900000e+02     4.984220e-21
 1.005000e+03     6.026558e-21
 1.025000e+03     7.749578e-21
 1.045000e+03     9.242057e-21
 1.065000e+03     1.118761e-20
 1.085000e+03     1.301166e-20
 1.105000e+03     1.465354e-20
 1.125000e+03     1.626524e-20
 1.145000e+03     1.764108e-20
 1.165000e+03     1.917386e-20
 1.185000e+03     2.033684e-20
 1.205000e+03     2.148220e-20
 1.215600e+03     2.200930e-20
 1.215670e+03     2.609968e-20
 1.216000e+03     2.609801e-20
 1.218000e+03     2.607894e-20
 1.221000e+03     2.602716e-20
 1.225000e+03     2.595185e-20
 1.230000e+03     2.597882e-20
 1.240000e+03     2.643513e-20
 1.250000e+03     2.681415e-20
 1.265000e+03     2.822493e-20
 1.285000e+03     2.912319e-20
 1.305000e+03     2.988058e-20
 1.325000e+03     3.078132e-20
 1.345000e+03     3.204451e-20
 1.365000e+03     3.302523e-20
 1.385000e+03     3.378941e-20
 1.405000e+03     3.449587e-20
 1.425000e+03     3.498130e-20
 1.442000e+03     3.578843e-20
 1.455000e+03     3.610814e-20
 1.475000e+03     3.659205e-20
 1.517000e+03     3.751608e-20
 1.595000e+03     3.822151e-20
 1.672000e+03     3.866149e-20
 1.745000e+03     3.870549e-20
 1.825000e+03     3.879414e-20
 1.905000e+03     3.832949e-20
 1.984000e+03     3.812772e-20
 2.065000e+03     3.667121e-20
 2.135000e+03     3.630189e-20
 2.215000e+03     3.587266e-20
 2.295000e+03     3.538429e-20
 2.375000e+03     3.486117e-20
 2.455000e+03     3.440874e-20
 2.525000e+03     3.396117e-20
 2.605000e+03     3.359990e-20
 2.685000e+03     3.339708e-20
 2.765000e+03     3.308957e-20
 2.845000e+03     3.271986e-20
 2.950000e+03     3.237726e-20
 3.110000e+03     3.190008e-20
 3.270000e+03     3.137903e-20
 3.430000e+03     3.086358e-20
 3.590000e+03     3.037183e-20
 3.730000e+03     3.028395e-20
 3.890000e+03     3.166827e-20
 4.050000e+03     3.308148e-20
 4.210000e+03     3.513280e-20
 4.370000e+03     3.668732e-20
 4.530000e+03     3.802516e-20
 4.690000e+03     3.923085e-20
 4.850000e+03     3.998328e-20
 5.010000e+03     4.062175e-20
 5.170000e+03     4.110063e-20
 5.330000e+03     4.153047e-20
 5.490000e+03     4.188072e-20
 5.650000e+03     4.220097e-20
 5.810000e+03     4.252233e-20
 5.970000e+03     4.266136e-20
 6.130000e+03     4.281463e-20
 6.290000e+03     4.288186e-20
 6.450000e+03     4.289472e-20
 6.610000e+03     4.287922e-20
 6.770000e+03     4.288430e-20
 6.930000e+03     4.284432e-20
 7.090000e+03     4.276701e-20
 7.250000e+03     4.268311e-20
 7.410000e+03     4.262544e-20
 7.570000e+03     4.261276e-20
 7.730000e+03     4.265960e-20
 7.890000e+03     4.270135e-20
 8.050000e+03     4.272583e-20
 8.210000e+03     4.277461e-20
 8.370000e+03     4.282454e-20
 8.530000e+03     4.287844e-20
 8.690000e+03     4.297310e-20
 8.850000e+03     4.316216e-20
 9.010000e+03     4.331624e-20
 9.170000e+03     4.345074e-20
 9.330000e+03     4.368480e-20
 9.490000e+03     4.390443e-20
 9.650000e+03     4.407223e-20
 9.810000e+03     4.425141e-20
 9.970000e+03     4.443643e-20
 1.050000e+04     4.479489e-20
 1.150000e+04     4.485203e-20
 1.250000e+04     4.466215e-20
 1.350000e+04     4.441081e-20
 1.450000e+04     4.430057e-20
 1.550000e+04     4.463080e-20
 1.650000e+04     4.449728e-20
 1.750000e+04     4.396057e-20
 1.850000e+04     4.320090e-20
 1.950000e+04     4.233102e-20
 2.050000e+04     4.143575e-20
 2.150000e+04     4.058171e-20
 2.250000e+04     3.982075e-20
 2.350000e+04     3.919332e-20
 2.450000e+04     3.873156e-20
 2.550000e+04     3.846214e-20
 2.650000e+04     3.840818e-20
 2.750000e+04     3.858870e-20
 2.850000e+04     3.901772e-20
 2.950000e+04     3.970433e-20
 3.050000e+04     4.065307e-20
 3.150000e+04     4.140588e-20
 3.250000e+04     4.224294e-20
 3.350000e+04     4.316940e-20
 3.450000e+04     4.413896e-20
 3.550000e+04     4.511927e-20
 3.650000e+04     4.613517e-20
 3.750000e+04     4.718007e-20
 3.850000e+04     4.824603e-20
 3.950000e+04     4.932485e-20
 4.050000e+04     5.040591e-20
 4.150000e+04     5.148504e-20
 4.250000e+04     5.256728e-20
 4.350000e+04     5.365488e-20
 4.450000e+04     5.474527e-20
 4.550000e+04     5.583554e-20
 4.650000e+04     5.692370e-20
 4.750000e+04     5.800715e-20
 4.850000e+04     5.908417e-20
 4.950000e+04     6.015415e-20
 5.050000e+04     6.121701e-20
 5.150000e+04     6.227264e-20
 5.250000e+04     6.332157e-20
 5.350000e+04     6.434897e-20
 5.450000e+04     6.507550e-20
 5.550000e+04     6.602348e-20
 5.650000e+04     6.709995e-20
 5.750000e+04     6.850156e-20
 5.850000e+04     6.949423e-20
 5.950000e+04     7.036290e-20
 6.050000e+04     7.205248e-20
 6.150000e+04     7.726917e-20
 6.250000e+04     8.732161e-20
 6.350000e+04     9.265198e-20
 6.450000e+04     9.365816e-20
 6.550000e+04     9.405493e-20
 6.650010e+04     9.433258e-20
 6.750010e+04     9.485600e-20
 6.850010e+04     9.544287e-20
 6.950010e+04     9.678936e-20
 7.020000e+04     9.864683e-20
 7.100000e+04     9.988643e-20
 7.180000e+04     1.014325e-19
 7.260000e+04     1.036628e-19
 7.340000e+04     1.066868e-19
 7.420000e+04     1.109699e-19
 7.500000e+04     1.169704e-19
 7.580000e+04     1.250799e-19
 7.660000e+04     1.339966e-19
 7.740000e+04     1.420630e-19
 7.820000e+04     1.491166e-19
 7.900000e+04     1.550914e-19
 7.980000e+04     1.595028e-19
 8.060000e+04     1.621144e-19
 8.140000e+04     1.632824e-19
 8.220000e+04     1.632928e-19
 8.300000e+04     1.629966e-19
 8.380000e+04     1.628480e-19
 8.460000e+04     1.628136e-19
 8.540000e+04     1.630368e-19
 8.620000e+04     1.639812e-19
 8.700000e+04     1.651477e-19
 8.780000e+04     1.651645e-19
 8.860000e+04     1.636245e-19
 8.940000e+04     1.611668e-19
 9.020000e+04     1.582701e-19
 9.100000e+04     1.551090e-19
 9.180000e+04     1.517680e-19
 9.260000e+04     1.483759e-19
 9.340000e+04     1.450785e-19
 9.420000e+04     1.419186e-19
 9.500000e+04     1.389158e-19
 9.580000e+04     1.361017e-19
 9.660000e+04     1.338610e-19
 9.740000e+04     1.317852e-19
 9.820000e+04     1.292841e-19
 9.900000e+04     1.266102e-19
 9.980000e+04     1.242581e-19
 1.006000e+05     1.218936e-19
 1.020000e+05     1.180135e-19
 1.040000e+05     1.132680e-19
 1.060000e+05     1.105274e-19
 1.080000e+05     1.089455e-19
 1.100000e+05     1.087116e-19
 1.120000e+05     1.174140e-19
 1.140000e+05     1.359472e-19
 1.160000e+05     1.399496e-19
 1.180000e+05     1.397830e-19
 1.200000e+05     1.399294e-19
 1.220000e+05     1.401031e-19
 1.240000e+05     1.411531e-19
 1.260000e+05     1.439460e-19
 1.280000e+05     1.509282e-19
 1.300000e+05     1.548362e-19
 1.320000e+05     1.496725e-19
 1.340000e+05     1.471895e-19
 1.360000e+05     1.445538e-19
 1.380000e+05     1.414181e-19
 1.400000e+05     1.382280e-19
 1.420000e+05     1.360247e-19
 1.440000e+05     1.336595e-19
 1.460000e+05     1.306794e-19
 1.480000e+05     1.280435e-19
 1.500000e+05     1.256466e-19
 1.520000e+05     1.236030e-19
 1.540000e+05     1.218785e-19
 1.560000e+05     1.227232e-19
 1.580000e+05     1.230759e-19
 1.600000e+05     1.219789e-19
 1.620000e+05     1.226335e-19
 1.640000e+05     1.242850e-19
 1.660000e+05     1.282624e-19
 1.680000e+05     1.305413e-19
 1.700000e+05     1.348010e-19
 1.720000e+05     1.395957e-19
 1.740000e+05     1.423336e-19
 1.760000e+05     1.441190e-19
 1.780000e+05     1.442695e-19
 1.800000e+05     1.445257e-19
 1.820000e+05     1.437099e-19
 1.840000e+05     1.429198e-19
 1.860000e+05     1.423415e-19
 1.880000e+05     1.459027e-19
 1.900000e+05     1.466926e-19
 1.920000e+05     1.461032e-19
 1.940000e+05     1.458355e-19
 1.960000e+05     1.452753e-19
 1.980000e+05     1.452347e-19
 2.000000e+05     1.447310e-19
 2.020000e+05     1.447355e-19
 2.040000e+05     1.445742e-19
 2.060000e+05     1.449471e-19
 2.080000e+05     1.450274e-19
 2.100000e+05     1.453791e-19
 2.120000e+05     1.457122e-19
 2.140000e+05     1.464670e-19
 2.160000e+05     1.473539e-19
 2.180000e+05     1.482877e-19
 2.200000e+05     1.493072e-19
 2.220000e+05     1.504761e-19
 2.240000e+05     1.518212e-19
 2.260000e+05     1.532358e-19
 2.280000e+05     1.546969e-19
 2.300000e+05     1.562422e-19
 2.320000e+05     1.578792e-19
 2.340000e+05     1.596094e-19
 2.360000e+05     1.614063e-19
 2.380000e+05     1.632465e-19
 2.400000e+05     1.651390e-19
 2.420000e+05     1.671012e-19
 2.440000e+05     1.691433e-19
 2.460000e+05     1.712412e-19
 2.480000e+05     1.733665e-19
 2.500000e+05     1.755295e-19
 2.520000e+05     1.777430e-19
 2.540000e+05     1.799989e-19
 2.560000e+05     1.823538e-19
 2.580000e+05     1.851456e-19
 2.600000e+05     1.885262e-19
 2.620000e+05     1.915254e-19
 2.640000e+05     1.939375e-19
 2.660000e+05     1.963032e-19
 2.680000e+05     1.988347e-19
 2.700000e+05     2.012985e-19
 2.720000e+05     2.037914e-19
 2.740000e+05     2.063848e-19
 2.760000e+05     2.089547e-19
 2.780000e+05     2.115877e-19
 2.800000e+05     2.143836e-19
 2.820000e+05     2.175789e-19
 2.840000e+05     2.209025e-19
 2.860000e+05     2.239118e-19
 2.880000e+05     2.268376e-19
 2.900000e+05     2.299042e-19
 2.920000e+05     2.330710e-19
 2.940000e+05     2.362625e-19
 2.960000e+05     2.396020e-19
 2.980000e+05     2.430208e-19
 3.000000e+05     2.464370e-19
 3.020000e+05     2.499645e-19
 3.040000e+05     2.535702e-19
 3.060000e+05     2.572106e-19
 3.080000e+05     2.609856e-19
 3.100000e+05     2.648431e-19
 3.120000e+05     2.687771e-19
 3.140000e+05     2.728521e-19
 3.160000e+05     2.770130e-19
 3.180000e+05     2.812710e-19
 3.200000e+05     2.856919e-19
 3.220000e+05     2.903264e-19
 3.240000e+05     2.951463e-19
 3.260000e+05     3.001695e-19
 3.280000e+05     3.053951e-19
 3.300000e+05     3.108127e-19
 3.320000e+05     3.166096e-19
 3.340000e+05     3.249414e-19
 3.360000e+05     3.367667e-19
 3.380000e+05     3.451723e-19
 3.400000e+05     3.508013e-19
 3.420000e+05     3.550485e-19
 3.440000e+05     3.595397e-19
 3.460000e+05     3.661700e-19
 3.480000e+05     3.779401e-19
 3.500000e+05     3.920900e-19
 3.520000e+05     3.998456e-19
 3.540000e+05     4.054989e-19
 3.560000e+05     4.085238e-19
 3.580000e+05     4.130168e-19
 3.600000e+05     4.191057e-19
 3.620000e+05     4.242147e-19
 3.640000e+05     4.283796e-19
 3.660000e+05     4.338992e-19
 3.680000e+05     4.398352e-19
 3.700000e+05     4.448203e-19
 3.720000e+05     4.497438e-19
 3.740000e+05     4.555147e-19
 3.760000e+05     4.612402e-19
 3.780000e+05     4.665977e-19
 3.800000e+05     4.723667e-19
 3.820000e+05     4.786028e-19
 3.840000e+05     4.846302e-19
 3.860000e+05     4.904896e-19
 3.880000e+05     4.966349e-19
 3.900000e+05     5.028949e-19
 3.920000e+05     5.089345e-19
 4.320000e+05     6.419229e-19
 4.760000e+05     8.003991e-19
 5.250000e+05     9.845822e-19
 5.790000e+05     1.191964e-18
 6.390000e+05     1.424758e-18
 7.040000e+05     1.679746e-18
 7.760000e+05     2.080703e-18
 8.560000e+05     2.673360e-18
 9.430000e+05     3.456165e-18
 1.040000e+06     4.409908e-18
 1.147000e+06     5.448993e-18
 1.264000e+06     6.452239e-18
 1.394000e+06     7.306404e-18
 1.537000e+06     7.895266e-18
 1.694000e+06     8.153603e-18
 1.868000e+06     8.066871e-18
 2.059000e+06     7.667975e-18
 2.270000e+06     7.022741e-18
 2.503000e+06     6.215842e-18
 2.760000e+06     5.333111e-18
 3.043000e+06     4.449622e-18
 3.354000e+06     3.620934e-18
 3.698000e+06     2.877779e-18
 4.077000e+06     2.240801e-18
 4.495000e+06     1.712767e-18
 4.956000e+06     1.287665e-18
 5.464000e+06     9.540659e-19
 6.024000e+06     6.976881e-19
 6.641000e+06     5.043562e-19
 7.322000e+06     3.607173e-19
 8.073000e+06     2.555922e-19
 8.900000e+06     1.796904e-19
 9.813000e+06     1.260437e-19
 1.082000e+07     8.837106e-20
 1.193000e+07     6.201549e-20
 1.315000e+07     4.363270e-20
 1.450000e+07     3.073363e-20
 1.598000e+07     2.173742e-20
 1.762000e+07     1.539373e-20
 1.943000e+07     1.094295e-20
 2.142000e+07     7.832808e-21
 2.362000e+07     5.650676e-21
 2.604000e+07     4.129622e-21
 2.871000e+07     3.066268e-21
 3.165000e+07     2.334898e-21
 3.489000e+07     1.828411e-21
 3.847000e+07     1.486990e-21
 4.241000e+07     1.261630e-21
 4.676000e+07     1.118201e-21
 5.155000e+07     1.032752e-21
 5.683000e+07     9.898609e-22
 6.266000e+07     9.824621e-22
 6.908000e+07     9.997402e-22
 7.616000e+07     1.036231e-21
 8.397000e+07     1.084893e-21
 9.258000e+07     1.150675e-21
 1.020700e+08     1.226034e-21
 1.125300e+08     1.312845e-21
 1.240600e+08     1.411628e-21
 1.367800e+08     1.517900e-21
 1.508000e+08     1.636263e-21
 1.662500e+08     1.768870e-21
 1.833000e+08     1.909610e-21
 2.020800e+08     2.062444e-21
 2.228000e+08     2.225701e-21
 2.456300e+08     2.404941e-21
 2.708100e+08     2.600109e-21
 2.985700e+08     2.809275e-21
 3.291700e+08     3.036640e-21
 3.629100e+08     3.280503e-21
 4.001100e+08     3.543979e-21
 4.411200e+08     3.829737e-21
 4.863400e+08     4.139205e-21
 5.361900e+08     4.473293e-21
 5.911500e+08     4.837415e-21
 6.517400e+08     5.230246e-21
 7.185400e+08     5.654629e-21
 7.921900e+08     6.113095e-21
 8.733900e+08     6.607233e-21
 9.629200e+08     7.140672e-21
 1.000000e+09     7.358759e-21
