## EBL from Khaire & Srianand 2018; Q20 Model with alpha=-2.0 
## Column1:wavelength (Angstrom);  Column2:EBL specific intensity J_nu (erg/s/cm^2/Hz/Sr)
## ===========================================================================================
 1.000000e-08     9.288081e-37
 1.122019e-08     1.351426e-36
 1.258925e-08     1.940761e-36
 1.412538e-08     2.737543e-36
 1.584893e-08     3.789245e-36
 1.778279e-08     5.150855e-36
 1.995263e-08     6.885652e-36
 2.238721e-08     9.066141e-36
 2.511887e-08     1.177535e-35
 2.818382e-08     1.510816e-35
 3.162278e-08     1.917332e-35
 3.548135e-08     2.409540e-35
 3.981071e-08     3.001752e-35
 4.466837e-08     3.710446e-35
 5.011870e-08     4.554590e-35
 5.623413e-08     5.556110e-35
 6.309576e-08     6.740314e-35
 7.079456e-08     8.136462e-35
 7.943284e-08     9.778466e-35
 8.912505e-08     1.170552e-34
 1.000000e-07     1.396312e-34
 1.122019e-07     1.660389e-34
 1.258925e-07     1.968880e-34
 1.412538e-07     2.328865e-34
 1.584892e-07     2.748528e-34
 1.778279e-07     3.237382e-34
 1.995263e-07     3.806431e-34
 2.238721e-07     4.468429e-34
 2.511887e-07     5.238178e-34
 2.818382e-07     6.132810e-34
 3.162278e-07     7.172207e-34
 3.548136e-07     8.379390e-34
 3.981071e-07     9.781030e-34
 4.466837e-07     1.140808e-33
 5.011870e-07     1.329637e-33
 5.623413e-07     1.548746e-33
 6.309576e-07     1.802947e-33
 7.079456e-07     2.097817e-33
 7.943284e-07     2.439826e-33
 8.912505e-07     2.836459e-33
 1.000000e-06     3.296405e-33
 1.122019e-06     3.829723e-33
 1.258925e-06     4.448063e-33
 1.412538e-06     5.164950e-33
 1.584893e-06     5.996025e-33
 1.778279e-06     6.959440e-33
 1.995263e-06     8.076221e-33
 2.238721e-06     9.370713e-33
 2.511887e-06     1.087117e-32
 2.818382e-06     1.261027e-32
 3.162278e-06     1.462596e-32
 3.548136e-06     1.696215e-32
 3.981071e-06     1.966971e-32
 4.466837e-06     2.280769e-32
 5.011870e-06     2.644436e-32
 5.623413e-06     3.065901e-32
 6.309576e-06     3.554339e-32
 7.079456e-06     4.120378e-32
 7.943284e-06     4.776354e-32
 8.912505e-06     5.536533e-32
 1.000000e-05     6.417480e-32
 1.122019e-05     7.438364e-32
 1.258925e-05     8.621392e-32
 1.412538e-05     9.992340e-32
 1.584893e-05     1.158101e-31
 1.778279e-05     1.342201e-31
 1.995263e-05     1.555540e-31
 2.238721e-05     1.802758e-31
 2.511887e-05     2.089237e-31
 2.818382e-05     2.421209e-31
 3.162278e-05     2.805902e-31
 3.548135e-05     3.251683e-31
 3.981071e-05     3.768248e-31
 4.466837e-05     4.366846e-31
 5.011870e-05     5.060489e-31
 5.623413e-05     5.864284e-31
 6.309577e-05     6.795715e-31
 7.079457e-05     7.875034e-31
 7.943284e-05     9.125743e-31
 8.912505e-05     1.057503e-30
 1.000000e-04     1.225446e-30
 1.122018e-04     1.420054e-30
 1.258926e-04     1.645420e-30
 1.412538e-04     1.902637e-30
 1.584893e-04     2.198310e-30
 1.778279e-04     2.539969e-30
 1.995262e-04     2.936092e-30
 2.238722e-04     3.396377e-30
 2.511887e-04     3.932057e-30
 2.818383e-04     4.556268e-30
 3.162278e-04     5.284436e-30
 3.548134e-04     6.134736e-30
 3.981073e-04     7.128632e-30
 4.466837e-04     8.291486e-30
 5.011873e-04     9.653314e-30
 5.623413e-04     1.124966e-29
 6.309572e-04     1.312264e-29
 7.079460e-04     1.532221e-29
 7.943284e-04     1.790764e-29
 8.912510e-04     2.094928e-29
 1.000000e-03     2.453077e-29
 1.122018e-03     2.875148e-29
 1.258926e-03     3.372971e-29
 1.412538e-03     3.960606e-29
 1.584893e-03     4.654809e-29
 1.778279e-03     5.475540e-29
 1.995262e-03     6.446585e-29
 2.238722e-03     7.596310e-29
 2.511887e-03     8.958534e-29
 2.818383e-03     1.057363e-28
 3.162278e-03     1.248981e-28
 3.548133e-03     1.476462e-28
 3.981073e-03     1.746685e-28
 4.466837e-03     2.067865e-28
 5.011873e-03     2.449833e-28
 5.623413e-03     2.904357e-28
 6.309573e-03     3.445560e-28
 7.079460e-03     4.090454e-28
 7.943284e-03     4.859647e-28
 8.912510e-03     5.778309e-28
 1.000000e-02     6.877422e-28
 1.122019e-02     8.195389e-28
 1.258925e-02     9.779926e-28
 1.412538e-02     1.169039e-27
 1.584894e-02     1.400009e-27
 1.778279e-02     1.679894e-27
 1.995263e-02     2.019613e-27
 2.238721e-02     2.432273e-27
 2.511887e-02     2.933490e-27
 2.818385e-02     3.541692e-27
 3.162277e-02     4.278517e-27
 3.548136e-02     5.169327e-27
 3.981071e-02     6.243734e-27
 4.466837e-02     7.536443e-27
 5.011876e-02     9.088112e-27
 5.623413e-02     1.094653e-26
 6.309576e-02     1.316811e-26
 7.079456e-02     1.581948e-26
 7.943284e-02     1.897970e-26
 8.912515e-02     2.274264e-26
 1.000000e-01     2.721996e-26
 1.122019e-01     3.254711e-26
 1.258925e-01     3.876843e-26
 1.412538e-01     4.575590e-26
 1.584894e-01     5.339507e-26
 1.778279e-01     6.158630e-26
 1.995263e-01     7.024336e-26
 2.238721e-01     7.929105e-26
 2.511887e-01     8.866432e-26
 2.818385e-01     9.830673e-26
 3.162278e-01     1.081700e-25
 3.548135e-01     1.182138e-25
 3.981071e-01     1.284052e-25
 4.466837e-01     1.387182e-25
 5.011876e-01     1.491330e-25
 5.623413e-01     1.596355e-25
 6.309576e-01     1.702168e-25
 7.079456e-01     1.808721e-25
 7.943284e-01     1.915998e-25
 8.912515e-01     2.024014e-25
 1.000000e+00     2.132799e-25
 1.122019e+00     2.242399e-25
 1.258925e+00     2.352868e-25
 1.412538e+00     2.464261e-25
 1.584894e+00     2.576632e-25
 1.778279e+00     2.690031e-25
 1.995263e+00     2.804506e-25
 2.238721e+00     2.920092e-25
 2.511887e+00     3.036826e-25
 2.818385e+00     3.154745e-25
 3.162278e+00     3.273889e-25
 3.548136e+00     3.394318e-25
 3.981071e+00     3.516117e-25
 4.466837e+00     3.639423e-25
 5.011876e+00     3.764429e-25
 5.623413e+00     3.891418e-25
 6.309576e+00     4.019446e-25
 7.079456e+00     4.125755e-25
 7.943284e+00     4.222889e-25
 8.912516e+00     4.320526e-25
 1.000000e+01     4.425372e-25
 1.122019e+01     4.542070e-25
 1.258925e+01     4.675237e-25
 1.412538e+01     4.873983e-25
 1.584894e+01     5.155693e-25
 1.778279e+01     5.535726e-25
 1.995263e+01     6.030178e-25
 2.238721e+01     6.655510e-25
 2.511887e+01     7.426509e-25
 2.818385e+01     8.351744e-25
 3.162278e+01     9.426324e-25
 3.548135e+01     1.073125e-24
 3.981071e+01     1.210910e-24
 4.466837e+01     1.361511e-24
 5.011876e+01     1.528049e-24
 5.623413e+01     1.706549e-24
 6.309576e+01     1.899380e-24
 7.079456e+01     2.111102e-24
 7.943284e+01     2.346927e-24
 8.912515e+01     2.628646e-24
 1.000000e+02     2.952744e-24
 1.120000e+02     3.312309e-24
 1.250000e+02     3.702184e-24
 1.400000e+02     4.133090e-24
 1.550000e+02     4.538344e-24
 1.650000e+02     4.797469e-24
 1.750000e+02     5.042114e-24
 1.850000e+02     5.278379e-24
 1.900000e+02     5.397979e-24
 1.950000e+02     5.524475e-24
 2.000000e+02     5.674066e-24
 2.050000e+02     5.882698e-24
 2.100000e+02     6.219487e-24
 2.150000e+02     6.838833e-24
 2.180000e+02     7.462297e-24
 2.210000e+02     8.371047e-24
 2.240000e+02     9.745910e-24
 2.260000e+02     1.102033e-23
 2.270000e+02     1.178924e-23
 2.275000e+02     1.220649e-23
 2.278400e+02     1.251373e-23
 2.380000e+02     1.860657e-23
 2.500000e+02     2.502155e-23
 2.700000e+02     3.385826e-23
 2.900000e+02     4.195053e-23
 3.035000e+02     4.736410e-23
 3.037800e+02     8.422538e-23
 3.045000e+02     8.391284e-23
 3.060000e+02     8.345856e-23
 3.080000e+02     8.280349e-23
 3.100000e+02     8.226812e-23
 3.120000e+02     8.178094e-23
 3.150000e+02     8.117991e-23
 3.200000e+02     8.018524e-23
 3.250000e+02     7.927044e-23
 3.300000e+02     7.867335e-23
 3.400000e+02     7.777223e-23
 3.600000e+02     7.795113e-23
 3.800000e+02     8.066249e-23
 4.050000e+02     8.653562e-23
 4.250000e+02     9.248332e-23
 4.500000e+02     1.008636e-22
 4.650000e+02     1.062717e-22
 4.750000e+02     1.100899e-22
 4.820000e+02     1.126013e-22
 4.870000e+02     1.144307e-22
 4.910000e+02     1.162002e-22
 4.950000e+02     1.176065e-22
 4.980000e+02     1.186697e-22
 5.000000e+02     1.193819e-22
 5.020000e+02     1.201287e-22
 5.039800e+02     1.209321e-22
 5.100000e+02     1.243094e-22
 5.250000e+02     1.315313e-22
 5.600000e+02     1.491714e-22
 6.000000e+02     1.682844e-22
 6.500000e+02     1.933071e-22
 7.000000e+02     2.195180e-22
 7.500000e+02     2.488812e-22
 8.000000e+02     2.822919e-22
 8.300000e+02     3.059727e-22
 8.600000e+02     3.321272e-22
 8.800000e+02     3.509806e-22
 8.900000e+02     3.614693e-22
 8.960000e+02     3.684196e-22
 9.000000e+02     3.726215e-22
 9.030000e+02     3.758017e-22
 9.060000e+02     3.797692e-22
 9.090000e+02     3.830932e-22
 9.117800e+02     3.861952e-22
 9.300000e+02     7.133939e-22
 9.500000e+02     9.228934e-22
 9.750000e+02     1.475239e-21
 9.900000e+02     1.738287e-21
 1.005000e+03     2.098309e-21
 1.025000e+03     2.650970e-21
 1.045000e+03     3.172525e-21
 1.065000e+03     3.886186e-21
 1.085000e+03     4.663406e-21
 1.105000e+03     5.412725e-21
 1.125000e+03     6.272041e-21
 1.145000e+03     7.067857e-21
 1.165000e+03     7.980742e-21
 1.185000e+03     8.808209e-21
 1.205000e+03     9.680490e-21
 1.215600e+03     1.007190e-20
 1.215670e+03     1.048668e-20
 1.216000e+03     1.049959e-20
 1.218000e+03     1.057624e-20
 1.221000e+03     1.068918e-20
 1.225000e+03     1.081922e-20
 1.230000e+03     1.097181e-20
 1.240000e+03     1.136835e-20
 1.250000e+03     1.180336e-20
 1.265000e+03     1.258019e-20
 1.285000e+03     1.358305e-20
 1.305000e+03     1.464266e-20
 1.325000e+03     1.567217e-20
 1.345000e+03     1.672981e-20
 1.365000e+03     1.780349e-20
 1.385000e+03     1.891024e-20
 1.405000e+03     1.993335e-20
 1.425000e+03     2.091419e-20
 1.442000e+03     2.172491e-20
 1.455000e+03     2.241017e-20
 1.475000e+03     2.338916e-20
 1.517000e+03     2.531202e-20
 1.595000e+03     2.844743e-20
 1.672000e+03     3.138175e-20
 1.745000e+03     3.385035e-20
 1.825000e+03     3.639194e-20
 1.905000e+03     3.845036e-20
 1.984000e+03     4.019083e-20
 2.065000e+03     4.165106e-20
 2.135000e+03     4.257682e-20
 2.215000e+03     4.341679e-20
 2.295000e+03     4.423790e-20
 2.375000e+03     4.500539e-20
 2.455000e+03     4.587933e-20
 2.525000e+03     4.662266e-20
 2.605000e+03     4.753047e-20
 2.685000e+03     4.865444e-20
 2.765000e+03     4.965646e-20
 2.845000e+03     5.045999e-20
 2.950000e+03     5.172301e-20
 3.110000e+03     5.364348e-20
 3.270000e+03     5.532713e-20
 3.430000e+03     5.689829e-20
 3.590000e+03     5.838326e-20
 3.730000e+03     5.994443e-20
 3.890000e+03     6.450622e-20
 4.050000e+03     6.888776e-20
 4.210000e+03     7.581085e-20
 4.370000e+03     8.196542e-20
 4.530000e+03     8.790562e-20
 4.690000e+03     9.365281e-20
 4.850000e+03     9.845509e-20
 5.010000e+03     1.026802e-19
 5.170000e+03     1.066891e-19
 5.330000e+03     1.104850e-19
 5.490000e+03     1.140584e-19
 5.650000e+03     1.175238e-19
 5.810000e+03     1.208601e-19
 5.970000e+03     1.237365e-19
 6.130000e+03     1.265803e-19
 6.290000e+03     1.290350e-19
 6.450000e+03     1.313509e-19
 6.610000e+03     1.334449e-19
 6.770000e+03     1.355569e-19
 6.930000e+03     1.374840e-19
 7.090000e+03     1.392345e-19
 7.250000e+03     1.408615e-19
 7.410000e+03     1.424201e-19
 7.570000e+03     1.439390e-19
 7.730000e+03     1.455630e-19
 7.890000e+03     1.470337e-19
 8.050000e+03     1.483984e-19
 8.210000e+03     1.497572e-19
 8.370000e+03     1.510382e-19
 8.530000e+03     1.522559e-19
 8.690000e+03     1.534553e-19
 8.850000e+03     1.548410e-19
 9.010000e+03     1.561603e-19
 9.170000e+03     1.574359e-19
 9.330000e+03     1.589892e-19
 9.490000e+03     1.603259e-19
 9.650000e+03     1.616726e-19
 9.810000e+03     1.629208e-19
 9.970000e+03     1.642782e-19
 1.050000e+04     1.678070e-19
 1.150000e+04     1.718631e-19
 1.250000e+04     1.747735e-19
 1.350000e+04     1.767584e-19
 1.450000e+04     1.785530e-19
 1.550000e+04     1.809921e-19
 1.650000e+04     1.828757e-19
 1.750000e+04     1.828557e-19
 1.850000e+04     1.809057e-19
 1.950000e+04     1.773855e-19
 2.050000e+04     1.732463e-19
 2.150000e+04     1.687162e-19
 2.250000e+04     1.637066e-19
 2.350000e+04     1.575666e-19
 2.450000e+04     1.503657e-19
 2.550000e+04     1.441670e-19
 2.650000e+04     1.381463e-19
 2.750000e+04     1.329693e-19
 2.850000e+04     1.282309e-19
 2.950000e+04     1.237689e-19
 3.050000e+04     1.195040e-19
 3.150000e+04     1.153981e-19
 3.250000e+04     1.114092e-19
 3.350000e+04     1.075297e-19
 3.450000e+04     1.037798e-19
 3.550000e+04     1.001952e-19
 3.650000e+04     9.675866e-20
 3.750000e+04     9.346440e-20
 3.850000e+04     9.033571e-20
 3.950000e+04     8.750298e-20
 4.050000e+04     8.509852e-20
 4.150000e+04     8.241606e-20
 4.250000e+04     7.962450e-20
 4.350000e+04     7.676532e-20
 4.450000e+04     7.405201e-20
 4.550000e+04     7.147277e-20
 4.650000e+04     6.905556e-20
 4.750000e+04     6.687690e-20
 4.850000e+04     6.503820e-20
 4.950000e+04     6.360513e-20
 5.050000e+04     6.259788e-20
 5.150000e+04     6.203238e-20
 5.250000e+04     6.193568e-20
 5.350000e+04     6.233847e-20
 5.450000e+04     6.327067e-20
 5.550000e+04     6.460118e-20
 5.650000e+04     6.646317e-20
 5.750000e+04     6.905784e-20
 5.850000e+04     7.096577e-20
 5.950000e+04     7.249448e-20
 6.050000e+04     7.550438e-20
 6.150000e+04     8.226066e-20
 6.250000e+04     9.868286e-20
 6.350000e+04     1.104958e-19
 6.450000e+04     1.151466e-19
 6.550000e+04     1.189029e-19
 6.650010e+04     1.212196e-19
 6.750010e+04     1.246866e-19
 6.850010e+04     1.270968e-19
 6.950010e+04     1.314761e-19
 7.020000e+04     1.358700e-19
 7.100000e+04     1.409207e-19
 7.180000e+04     1.456324e-19
 7.260000e+04     1.499105e-19
 7.340000e+04     1.562735e-19
 7.420000e+04     1.654001e-19
 7.500000e+04     1.781663e-19
 7.580000e+04     1.944388e-19
 7.660000e+04     2.124528e-19
 7.740000e+04     2.298059e-19
 7.820000e+04     2.460141e-19
 7.900000e+04     2.602331e-19
 7.980000e+04     2.714347e-19
 8.060000e+04     2.791382e-19
 8.140000e+04     2.840088e-19
 8.220000e+04     2.876996e-19
 8.300000e+04     2.901090e-19
 8.380000e+04     2.921208e-19
 8.460000e+04     2.943014e-19
 8.540000e+04     2.968715e-19
 8.620000e+04     2.999958e-19
 8.700000e+04     3.023321e-19
 8.780000e+04     3.023026e-19
 8.860000e+04     3.003208e-19
 8.940000e+04     2.975187e-19
 9.020000e+04     2.933801e-19
 9.100000e+04     2.891756e-19
 9.180000e+04     2.848118e-19
 9.260000e+04     2.801336e-19
 9.340000e+04     2.756584e-19
 9.420000e+04     2.710950e-19
 9.500000e+04     2.668223e-19
 9.580000e+04     2.629241e-19
 9.660000e+04     2.596378e-19
 9.740000e+04     2.566499e-19
 9.820000e+04     2.531495e-19
 9.900000e+04     2.495140e-19
 9.980000e+04     2.455987e-19
 1.006000e+05     2.420120e-19
 1.020000e+05     2.364967e-19
 1.040000e+05     2.292662e-19
 1.060000e+05     2.253647e-19
 1.080000e+05     2.235020e-19
 1.100000e+05     2.223157e-19
 1.120000e+05     2.324154e-19
 1.140000e+05     2.559751e-19
 1.160000e+05     2.638659e-19
 1.180000e+05     2.700325e-19
 1.200000e+05     2.775012e-19
 1.220000e+05     2.883984e-19
 1.240000e+05     3.020732e-19
 1.260000e+05     3.209629e-19
 1.280000e+05     3.501680e-19
 1.300000e+05     3.773779e-19
 1.320000e+05     3.861032e-19
 1.340000e+05     3.992463e-19
 1.360000e+05     4.068643e-19
 1.380000e+05     4.188472e-19
 1.400000e+05     4.250482e-19
 1.420000e+05     4.365358e-19
 1.440000e+05     4.435569e-19
 1.460000e+05     4.533592e-19
 1.480000e+05     4.597190e-19
 1.500000e+05     4.680711e-19
 1.520000e+05     4.742994e-19
 1.540000e+05     4.813412e-19
 1.560000e+05     4.903527e-19
 1.580000e+05     4.979220e-19
 1.600000e+05     5.041395e-19
 1.620000e+05     5.094493e-19
 1.640000e+05     5.181220e-19
 1.660000e+05     5.288339e-19
 1.680000e+05     5.395084e-19
 1.700000e+05     5.506220e-19
 1.720000e+05     5.653022e-19
 1.740000e+05     5.771385e-19
 1.760000e+05     5.852365e-19
 1.780000e+05     5.945321e-19
 1.800000e+05     6.024047e-19
 1.820000e+05     6.099771e-19
 1.840000e+05     6.184003e-19
 1.860000e+05     6.278343e-19
 1.880000e+05     6.436751e-19
 1.900000e+05     6.562376e-19
 1.920000e+05     6.687785e-19
 1.940000e+05     6.817823e-19
 1.960000e+05     6.975935e-19
 1.980000e+05     7.142017e-19
 2.000000e+05     7.315643e-19
 2.020000e+05     7.509327e-19
 2.040000e+05     7.714948e-19
 2.060000e+05     7.916504e-19
 2.080000e+05     8.127969e-19
 2.100000e+05     8.358132e-19
 2.120000e+05     8.589812e-19
 2.140000e+05     8.825302e-19
 2.160000e+05     9.087562e-19
 2.180000e+05     9.360598e-19
 2.200000e+05     9.625684e-19
 2.220000e+05     9.901807e-19
 2.240000e+05     1.020461e-18
 2.260000e+05     1.050352e-18
 2.280000e+05     1.079761e-18
 2.300000e+05     1.111017e-18
 2.320000e+05     1.144419e-18
 2.340000e+05     1.178529e-18
 2.360000e+05     1.212656e-18
 2.380000e+05     1.248110e-18
 2.400000e+05     1.286221e-18
 2.420000e+05     1.325632e-18
 2.440000e+05     1.365258e-18
 2.460000e+05     1.406171e-18
 2.480000e+05     1.449526e-18
 2.500000e+05     1.494596e-18
 2.520000e+05     1.539446e-18
 2.540000e+05     1.584758e-18
 2.560000e+05     1.632963e-18
 2.580000e+05     1.684705e-18
 2.600000e+05     1.738405e-18
 2.620000e+05     1.791666e-18
 2.640000e+05     1.845820e-18
 2.660000e+05     1.902426e-18
 2.680000e+05     1.961649e-18
 2.700000e+05     2.022226e-18
 2.720000e+05     2.083003e-18
 2.740000e+05     2.144072e-18
 2.760000e+05     2.207242e-18
 2.780000e+05     2.273698e-18
 2.800000e+05     2.342966e-18
 2.820000e+05     2.414204e-18
 2.840000e+05     2.485208e-18
 2.860000e+05     2.555973e-18
 2.880000e+05     2.628238e-18
 2.900000e+05     2.703322e-18
 2.920000e+05     2.779735e-18
 2.940000e+05     2.858103e-18
 2.960000e+05     2.938287e-18
 2.980000e+05     3.018939e-18
 3.000000e+05     3.098960e-18
 3.020000e+05     3.182209e-18
 3.040000e+05     3.267088e-18
 3.060000e+05     3.352708e-18
 3.080000e+05     3.439986e-18
 3.100000e+05     3.527901e-18
 3.120000e+05     3.615294e-18
 3.140000e+05     3.704770e-18
 3.160000e+05     3.797330e-18
 3.180000e+05     3.890742e-18
 3.200000e+05     3.987138e-18
 3.220000e+05     4.085579e-18
 3.240000e+05     4.183611e-18
 3.260000e+05     4.285076e-18
 3.280000e+05     4.385796e-18
 3.300000e+05     4.486973e-18
 3.320000e+05     4.590242e-18
 3.340000e+05     4.703525e-18
 3.360000e+05     4.823929e-18
 3.380000e+05     4.937765e-18
 3.400000e+05     5.039975e-18
 3.420000e+05     5.144944e-18
 3.440000e+05     5.250047e-18
 3.460000e+05     5.355044e-18
 3.480000e+05     5.475278e-18
 3.500000e+05     5.604000e-18
 3.520000e+05     5.722640e-18
 3.540000e+05     5.830298e-18
 3.560000e+05     5.936946e-18
 3.580000e+05     6.042763e-18
 3.600000e+05     6.149495e-18
 3.620000e+05     6.258318e-18
 3.640000e+05     6.365264e-18
 3.660000e+05     6.471097e-18
 3.680000e+05     6.580816e-18
 3.700000e+05     6.692577e-18
 3.720000e+05     6.802973e-18
 3.740000e+05     6.914964e-18
 3.760000e+05     7.028302e-18
 3.780000e+05     7.143249e-18
 3.800000e+05     7.259482e-18
 3.820000e+05     7.376110e-18
 3.840000e+05     7.493704e-18
 3.860000e+05     7.613133e-18
 3.880000e+05     7.733540e-18
 3.900000e+05     7.854484e-18
 3.920000e+05     7.976550e-18
 4.320000e+05     1.058489e-17
 4.760000e+05     1.367818e-17
 5.250000e+05     1.716202e-17
 5.790000e+05     2.079192e-17
 6.390000e+05     2.435816e-17
 7.040000e+05     2.742997e-17
 7.760000e+05     2.976093e-17
 8.560000e+05     3.115325e-17
 9.430000e+05     3.152319e-17
 1.040000e+06     3.093159e-17
 1.147000e+06     2.951253e-17
 1.264000e+06     2.748237e-17
 1.394000e+06     2.502996e-17
 1.537000e+06     2.239061e-17
 1.694000e+06     1.974061e-17
 1.868000e+06     1.719117e-17
 2.059000e+06     1.485174e-17
 2.270000e+06     1.275240e-17
 2.503000e+06     1.090735e-17
 2.760000e+06     9.306526e-18
 3.043000e+06     7.926538e-18
 3.354000e+06     6.737476e-18
 3.698000e+06     5.703051e-18
 4.077000e+06     4.803321e-18
 4.495000e+06     4.018160e-18
 4.956000e+06     3.333979e-18
 5.464000e+06     2.741553e-18
 6.024000e+06     2.233196e-18
 6.641000e+06     1.802691e-18
 7.322000e+06     1.443008e-18
 8.073000e+06     1.147715e-18
 8.900000e+06     9.097617e-19
 9.813000e+06     7.209240e-19
 1.082000e+07     5.738978e-19
 1.193000e+07     4.615752e-19
 1.315000e+07     3.775486e-19
 1.450000e+07     3.155737e-19
 1.598000e+07     2.712775e-19
 1.762000e+07     2.402187e-19
 1.943000e+07     2.194024e-19
 2.142000e+07     2.063741e-19
 2.362000e+07     1.991504e-19
 2.604000e+07     1.963179e-19
 2.871000e+07     1.968269e-19
 3.165000e+07     1.999087e-19
 3.489000e+07     2.049987e-19
 3.847000e+07     2.117164e-19
 4.241000e+07     2.197560e-19
 4.676000e+07     2.289398e-19
 5.155000e+07     2.391064e-19
 5.683000e+07     2.501664e-19
 6.266000e+07     2.620822e-19
 6.908000e+07     2.747995e-19
 7.616000e+07     2.883185e-19
 8.397000e+07     3.026403e-19
 9.258000e+07     3.177701e-19
 1.020700e+08     3.337164e-19
 1.125300e+08     3.505140e-19
 1.240600e+08     3.681971e-19
 1.367800e+08     3.868224e-19
 1.508000e+08     4.064048e-19
 1.662500e+08     4.269808e-19
 1.833000e+08     4.486305e-19
 2.020800e+08     4.713779e-19
 2.228000e+08     4.953055e-19
 2.456300e+08     5.204445e-19
 2.708100e+08     5.468837e-19
 2.985700e+08     5.746808e-19
 3.291700e+08     6.038859e-19
 3.629100e+08     6.345912e-19
 4.001100e+08     6.668636e-19
 4.411200e+08     7.007867e-19
 4.863400e+08     7.364497e-19
 5.361900e+08     7.739446e-19
 5.911500e+08     8.133552e-19
 6.517400e+08     8.547869e-19
 7.185400e+08     8.983188e-19
 7.921900e+08     9.440844e-19
 8.733900e+08     9.921821e-19
 9.629200e+08     1.042749e-18
 1.000000e+09     1.063015e-18
