## EBL from Khaire & Srianand 2018; Q20 Model with alpha=-2.0 
## Column1:wavelength (Angstrom);  Column2:EBL specific intensity J_nu (erg/s/cm^2/Hz/Sr)
## ===========================================================================================
 1.000000e-08     1.006618e-37
 1.122019e-08     1.463147e-37
 1.258925e-08     2.092692e-37
 1.412538e-08     2.933951e-37
 1.584893e-08     4.033200e-37
 1.778279e-08     5.444432e-37
 1.995263e-08     7.229803e-37
 2.238721e-08     9.460433e-37
 2.511887e-08     1.221766e-36
 2.818382e-08     1.559443e-36
 3.162278e-08     1.969725e-36
 3.548135e-08     2.464824e-36
 3.981071e-08     3.058777e-36
 4.466837e-08     3.767766e-36
 5.011870e-08     4.610429e-36
 5.623413e-08     5.608324e-36
 6.309576e-08     6.786351e-36
 7.079456e-08     8.173313e-36
 7.943284e-08     9.802596e-36
 8.912505e-08     1.171280e-35
 1.000000e-07     1.394874e-35
 1.122019e-07     1.656225e-35
 1.258925e-07     1.961342e-35
 1.412538e-07     2.317199e-35
 1.584892e-07     2.731861e-35
 1.778279e-07     3.214698e-35
 1.995263e-07     3.776554e-35
 2.238721e-07     4.429998e-35
 2.511887e-07     5.189612e-35
 2.818382e-07     6.072275e-35
 3.162278e-07     7.097579e-35
 3.548136e-07     8.288206e-35
 3.981071e-07     9.670432e-35
 4.466837e-07     1.127476e-34
 5.011870e-07     1.313648e-34
 5.623413e-07     1.529653e-34
 6.309576e-07     1.780236e-34
 7.079456e-07     2.070888e-34
 7.943284e-07     2.407983e-34
 8.912505e-07     2.798898e-34
 1.000000e-06     3.252193e-34
 1.122019e-06     3.777776e-34
 1.258925e-06     4.387127e-34
 1.412538e-06     5.093570e-34
 1.584893e-06     5.912514e-34
 1.778279e-06     6.861843e-34
 1.995263e-06     7.962272e-34
 2.238721e-06     9.237786e-34
 2.511887e-06     1.071621e-33
 2.818382e-06     1.242977e-33
 3.162278e-06     1.441582e-33
 3.548136e-06     1.671762e-33
 3.981071e-06     1.938532e-33
 4.466837e-06     2.247704e-33
 5.011870e-06     2.606010e-33
 5.623413e-06     3.021258e-33
 6.309576e-06     3.502486e-33
 7.079456e-06     4.060168e-33
 7.943284e-06     4.706455e-33
 8.912505e-06     5.455404e-33
 1.000000e-05     6.323333e-33
 1.122019e-05     7.329127e-33
 1.258925e-05     8.494665e-33
 1.412538e-05     9.845340e-33
 1.584893e-05     1.141052e-32
 1.778279e-05     1.322429e-32
 1.995263e-05     1.532611e-32
 2.238721e-05     1.776171e-32
 2.511887e-05     2.058412e-32
 2.818382e-05     2.385470e-32
 3.162278e-05     2.764470e-32
 3.548135e-05     3.203652e-32
 3.981071e-05     3.712570e-32
 4.466837e-05     4.302307e-32
 5.011870e-05     4.985682e-32
 5.623413e-05     5.777577e-32
 6.309577e-05     6.695218e-32
 7.079457e-05     7.758556e-32
 7.943284e-05     8.990746e-32
 8.912505e-05     1.041858e-31
 1.000000e-04     1.207314e-31
 1.122018e-04     1.399040e-31
 1.258926e-04     1.620913e-31
 1.412538e-04     1.872917e-31
 1.584893e-04     2.163009e-31
 1.778279e-04     2.498963e-31
 1.995262e-04     2.889154e-31
 2.238722e-04     3.343096e-31
 2.511887e-04     3.871839e-31
 2.818383e-04     4.488357e-31
 3.162278e-04     5.207937e-31
 3.548134e-04     6.048619e-31
 3.981073e-04     7.031731e-31
 4.466837e-04     8.182488e-31
 5.011873e-04     9.530753e-31
 5.623413e-04     1.111190e-30
 6.309572e-04     1.296785e-30
 7.079460e-04     1.514837e-30
 7.943284e-04     1.771247e-30
 8.912510e-04     2.073028e-30
 1.000000e-03     2.428515e-30
 1.122018e-03     2.847616e-30
 1.258926e-03     3.342128e-30
 1.412538e-03     3.926077e-30
 1.584893e-03     4.616179e-30
 1.778279e-03     5.432358e-30
 1.995262e-03     6.398351e-30
 2.238722e-03     7.542483e-30
 2.511887e-03     8.898522e-30
 2.818383e-03     1.050680e-29
 3.162278e-03     1.241546e-29
 3.548133e-03     1.468203e-29
 3.981073e-03     1.737521e-29
 4.466837e-03     2.057714e-29
 5.011873e-03     2.438610e-29
 5.623413e-03     2.891980e-29
 6.309573e-03     3.431962e-29
 7.079460e-03     4.075617e-29
 7.943284e-03     4.843664e-29
 8.912510e-03     5.761487e-29
 1.000000e-02     6.860441e-29
 1.122019e-02     8.179505e-29
 1.258925e-02     9.767199e-29
 1.412538e-02     1.168388e-28
 1.584894e-02     1.400393e-28
 1.778279e-02     1.681834e-28
 1.995263e-02     2.023711e-28
 2.238721e-02     2.439170e-28
 2.511887e-02     2.943803e-28
 2.818385e-02     3.555946e-28
 3.162277e-02     4.297058e-28
 3.548136e-02     5.192256e-28
 3.981071e-02     6.270839e-28
 4.466837e-02     7.567154e-28
 5.011876e-02     9.121470e-28
 5.623413e-02     1.098117e-27
 6.309576e-02     1.320229e-27
 7.079456e-02     1.585105e-27
 7.943284e-02     1.900620e-27
 8.912515e-02     2.276125e-27
 1.000000e-01     2.722759e-27
 1.122019e-01     3.254242e-27
 1.258925e-01     3.869657e-27
 1.412538e-01     4.550054e-27
 1.584894e-01     5.283352e-27
 1.778279e-01     6.060830e-27
 1.995263e-01     6.875503e-27
 2.238721e-01     7.721361e-27
 2.511887e-01     8.593178e-27
 2.818385e-01     9.486391e-27
 3.162278e-01     1.039710e-26
 3.548135e-01     1.132208e-26
 3.981071e-01     1.225873e-26
 4.466837e-01     1.320509e-26
 5.011876e-01     1.415967e-26
 5.623413e-01     1.512152e-26
 6.309576e-01     1.608989e-26
 7.079456e-01     1.706470e-26
 7.943284e-01     1.804600e-26
 8.912515e-01     1.903397e-26
 1.000000e+00     2.002888e-26
 1.122019e+00     2.103110e-26
 1.258925e+00     2.204093e-26
 1.412538e+00     2.305857e-26
 1.584894e+00     2.408397e-26
 1.778279e+00     2.511678e-26
 1.995263e+00     2.615623e-26
 2.238721e+00     2.720084e-26
 2.511887e+00     2.824820e-26
 2.818385e+00     2.929462e-26
 3.162278e+00     3.033449e-26
 3.548136e+00     3.135947e-26
 3.981071e+00     3.235741e-26
 4.466837e+00     3.331080e-26
 5.011876e+00     3.419478e-26
 5.623413e+00     3.497496e-26
 6.309576e+00     3.557286e-26
 7.079456e+00     3.565269e-26
 7.943284e+00     3.533509e-26
 8.912516e+00     3.474066e-26
 1.000000e+01     3.369815e-26
 1.122019e+01     3.249680e-26
 1.258925e+01     3.100429e-26
 1.412538e+01     2.945631e-26
 1.584894e+01     2.799840e-26
 1.778279e+01     2.640098e-26
 1.995263e+01     2.477890e-26
 2.238721e+01     2.305712e-26
 2.511887e+01     2.125338e-26
 2.818385e+01     1.940175e-26
 3.162278e+01     1.754188e-26
 3.548135e+01     1.572922e-26
 3.981071e+01     1.401320e-26
 4.466837e+01     1.242917e-26
 5.011876e+01     1.100982e-26
 5.623413e+01     9.761716e-27
 6.309576e+01     8.686911e-27
 7.079456e+01     7.769786e-27
 7.943284e+01     6.995469e-27
 8.912515e+01     6.341011e-27
 1.000000e+02     5.792558e-27
 1.120000e+02     5.345754e-27
 1.250000e+02     4.986380e-27
 1.400000e+02     4.688100e-27
 1.550000e+02     4.475922e-27
 1.650000e+02     4.370064e-27
 1.750000e+02     4.288929e-27
 1.850000e+02     4.233225e-27
 1.900000e+02     4.230941e-27
 1.950000e+02     4.265683e-27
 2.000000e+02     4.383938e-27
 2.050000e+02     4.681483e-27
 2.100000e+02     5.352737e-27
 2.150000e+02     6.783583e-27
 2.180000e+02     8.282394e-27
 2.210000e+02     1.054880e-26
 2.240000e+02     1.393354e-26
 2.260000e+02     1.704882e-26
 2.270000e+02     1.893226e-26
 2.275000e+02     1.996695e-26
 2.278400e+02     2.070873e-26
 2.380000e+02     1.280173e-23
 2.500000e+02     2.903588e-23
 2.700000e+02     4.308922e-23
 2.900000e+02     5.120774e-23
 3.035000e+02     5.542795e-23
 3.037800e+02     6.416158e-23
 3.045000e+02     6.374934e-23
 3.060000e+02     6.316111e-23
 3.080000e+02     6.255816e-23
 3.100000e+02     6.207384e-23
 3.120000e+02     6.174028e-23
 3.150000e+02     6.149397e-23
 3.200000e+02     6.156269e-23
 3.250000e+02     6.208456e-23
 3.300000e+02     6.288698e-23
 3.400000e+02     6.484030e-23
 3.600000e+02     6.942160e-23
 3.800000e+02     7.422125e-23
 4.050000e+02     8.021736e-23
 4.250000e+02     8.498593e-23
 4.500000e+02     9.097685e-23
 4.650000e+02     9.460020e-23
 4.750000e+02     9.698474e-23
 4.820000e+02     9.866561e-23
 4.870000e+02     9.985067e-23
 4.910000e+02     1.008086e-22
 4.950000e+02     1.017602e-22
 4.980000e+02     1.024416e-22
 5.000000e+02     1.029431e-22
 5.020000e+02     1.033956e-22
 5.039800e+02     1.038926e-22
 5.100000e+02     1.110875e-22
 5.250000e+02     1.227451e-22
 5.600000e+02     1.383689e-22
 6.000000e+02     1.516598e-22
 6.500000e+02     1.672599e-22
 7.000000e+02     1.848273e-22
 7.500000e+02     2.063214e-22
 8.000000e+02     2.341520e-22
 8.300000e+02     2.548023e-22
 8.600000e+02     2.797122e-22
 8.800000e+02     2.986502e-22
 8.900000e+02     3.090519e-22
 8.960000e+02     3.155183e-22
 9.000000e+02     3.200205e-22
 9.030000e+02     3.234731e-22
 9.060000e+02     3.269687e-22
 9.090000e+02     3.304986e-22
 9.117800e+02     3.337178e-22
 9.300000e+02     7.777176e-22
 9.500000e+02     1.615003e-21
 9.750000e+02     2.996865e-21
 9.900000e+02     3.679907e-21
 1.005000e+03     4.494652e-21
 1.025000e+03     5.845909e-21
 1.045000e+03     6.990370e-21
 1.065000e+03     8.580106e-21
 1.085000e+03     1.014105e-20
 1.105000e+03     1.166140e-20
 1.125000e+03     1.326181e-20
 1.145000e+03     1.468282e-20
 1.165000e+03     1.626411e-20
 1.185000e+03     1.764389e-20
 1.205000e+03     1.900034e-20
 1.215600e+03     1.960744e-20
 1.215670e+03     2.122690e-20
 1.216000e+03     2.123991e-20
 1.218000e+03     2.131248e-20
 1.221000e+03     2.142002e-20
 1.225000e+03     2.156317e-20
 1.230000e+03     2.174733e-20
 1.240000e+03     2.226854e-20
 1.250000e+03     2.293205e-20
 1.265000e+03     2.409690e-20
 1.285000e+03     2.548937e-20
 1.305000e+03     2.690367e-20
 1.325000e+03     2.832944e-20
 1.345000e+03     2.980510e-20
 1.365000e+03     3.098493e-20
 1.385000e+03     3.224548e-20
 1.405000e+03     3.353918e-20
 1.425000e+03     3.462192e-20
 1.442000e+03     3.547137e-20
 1.455000e+03     3.620241e-20
 1.475000e+03     3.736571e-20
 1.517000e+03     3.933427e-20
 1.595000e+03     4.209851e-20
 1.672000e+03     4.454669e-20
 1.745000e+03     4.648394e-20
 1.825000e+03     4.830938e-20
 1.905000e+03     4.968662e-20
 1.984000e+03     5.065536e-20
 2.065000e+03     5.141804e-20
 2.135000e+03     5.171859e-20
 2.215000e+03     5.200175e-20
 2.295000e+03     5.226842e-20
 2.375000e+03     5.238566e-20
 2.455000e+03     5.261035e-20
 2.525000e+03     5.270623e-20
 2.605000e+03     5.298895e-20
 2.685000e+03     5.341861e-20
 2.765000e+03     5.366141e-20
 2.845000e+03     5.371665e-20
 2.950000e+03     5.403098e-20
 3.110000e+03     5.439003e-20
 3.270000e+03     5.460983e-20
 3.430000e+03     5.471222e-20
 3.590000e+03     5.460417e-20
 3.730000e+03     5.512925e-20
 3.890000e+03     5.815167e-20
 4.050000e+03     6.186636e-20
 4.210000e+03     6.669890e-20
 4.370000e+03     7.063751e-20
 4.530000e+03     7.425097e-20
 4.690000e+03     7.751353e-20
 4.850000e+03     7.965990e-20
 5.010000e+03     8.171450e-20
 5.170000e+03     8.342679e-20
 5.330000e+03     8.505512e-20
 5.490000e+03     8.653594e-20
 5.650000e+03     8.796260e-20
 5.810000e+03     8.938768e-20
 5.970000e+03     9.044419e-20
 6.130000e+03     9.150547e-20
 6.290000e+03     9.241781e-20
 6.450000e+03     9.318978e-20
 6.610000e+03     9.386716e-20
 6.770000e+03     9.458734e-20
 6.930000e+03     9.518751e-20
 7.090000e+03     9.568168e-20
 7.250000e+03     9.612957e-20
 7.410000e+03     9.656758e-20
 7.570000e+03     9.705618e-20
 7.730000e+03     9.759776e-20
 7.890000e+03     9.809325e-20
 8.050000e+03     9.851938e-20
 8.210000e+03     9.895452e-20
 8.370000e+03     9.937623e-20
 8.530000e+03     9.976669e-20
 8.690000e+03     1.001858e-19
 8.850000e+03     1.007747e-19
 9.010000e+03     1.013237e-19
 9.170000e+03     1.018657e-19
 9.330000e+03     1.025156e-19
 9.490000e+03     1.031942e-19
 9.650000e+03     1.037316e-19
 9.810000e+03     1.043053e-19
 9.970000e+03     1.048661e-19
 1.050000e+04     1.061495e-19
 1.150000e+04     1.071144e-19
 1.250000e+04     1.074325e-19
 1.350000e+04     1.074986e-19
 1.450000e+04     1.077048e-19
 1.550000e+04     1.086808e-19
 1.650000e+04     1.092555e-19
 1.750000e+04     1.086681e-19
 1.850000e+04     1.068599e-19
 1.950000e+04     1.040623e-19
 2.050000e+04     1.010452e-19
 2.150000e+04     9.786616e-20
 2.250000e+04     9.448137e-20
 2.350000e+04     9.029739e-20
 2.450000e+04     8.579832e-20
 2.550000e+04     8.219120e-20
 2.650000e+04     7.903714e-20
 2.750000e+04     7.676003e-20
 2.850000e+04     7.498471e-20
 2.950000e+04     7.356009e-20
 3.050000e+04     7.236811e-20
 3.150000e+04     7.134914e-20
 3.250000e+04     7.047452e-20
 3.350000e+04     6.976150e-20
 3.450000e+04     6.925445e-20
 3.550000e+04     6.899960e-20
 3.650000e+04     6.900500e-20
 3.750000e+04     6.930630e-20
 3.850000e+04     7.010560e-20
 3.950000e+04     7.106776e-20
 4.050000e+04     7.162760e-20
 4.150000e+04     7.214592e-20
 4.250000e+04     7.274471e-20
 4.350000e+04     7.344015e-20
 4.450000e+04     7.425176e-20
 4.550000e+04     7.519329e-20
 4.650000e+04     7.626244e-20
 4.750000e+04     7.744058e-20
 4.850000e+04     7.870320e-20
 4.950000e+04     8.004199e-20
 5.050000e+04     8.148582e-20
 5.150000e+04     8.308511e-20
 5.250000e+04     8.486193e-20
 5.350000e+04     8.685407e-20
 5.450000e+04     8.921568e-20
 5.550000e+04     9.209730e-20
 5.650000e+04     9.573707e-20
 5.750000e+04     9.985812e-20
 5.850000e+04     1.039286e-19
 5.950000e+04     1.078020e-19
 6.050000e+04     1.126189e-19
 6.150000e+04     1.196223e-19
 6.250000e+04     1.338965e-19
 6.350000e+04     1.444559e-19
 6.450000e+04     1.501786e-19
 6.550000e+04     1.547093e-19
 6.650010e+04     1.590371e-19
 6.750010e+04     1.637754e-19
 6.850010e+04     1.685710e-19
 6.950010e+04     1.742563e-19
 7.020000e+04     1.795700e-19
 7.100000e+04     1.849800e-19
 7.180000e+04     1.897723e-19
 7.260000e+04     1.944484e-19
 7.340000e+04     2.001644e-19
 7.420000e+04     2.084594e-19
 7.500000e+04     2.202225e-19
 7.580000e+04     2.351921e-19
 7.660000e+04     2.523952e-19
 7.740000e+04     2.693060e-19
 7.820000e+04     2.855481e-19
 7.900000e+04     3.006553e-19
 7.980000e+04     3.130804e-19
 8.060000e+04     3.230991e-19
 8.140000e+04     3.308827e-19
 8.220000e+04     3.374678e-19
 8.300000e+04     3.431937e-19
 8.380000e+04     3.483660e-19
 8.460000e+04     3.532719e-19
 8.540000e+04     3.583003e-19
 8.620000e+04     3.632152e-19
 8.700000e+04     3.668665e-19
 8.780000e+04     3.681211e-19
 8.860000e+04     3.671043e-19
 8.940000e+04     3.647629e-19
 9.020000e+04     3.608566e-19
 9.100000e+04     3.563968e-19
 9.180000e+04     3.517575e-19
 9.260000e+04     3.470153e-19
 9.340000e+04     3.424336e-19
 9.420000e+04     3.381703e-19
 9.500000e+04     3.343421e-19
 9.580000e+04     3.308512e-19
 9.660000e+04     3.277627e-19
 9.740000e+04     3.246969e-19
 9.820000e+04     3.209964e-19
 9.900000e+04     3.166540e-19
 9.980000e+04     3.118954e-19
 1.006000e+05     3.067502e-19
 1.020000e+05     2.976633e-19
 1.040000e+05     2.856670e-19
 1.060000e+05     2.779007e-19
 1.080000e+05     2.721096e-19
 1.100000e+05     2.670549e-19
 1.120000e+05     2.703360e-19
 1.140000e+05     2.853955e-19
 1.160000e+05     2.925795e-19
 1.180000e+05     2.983626e-19
 1.200000e+05     3.063676e-19
 1.220000e+05     3.163875e-19
 1.240000e+05     3.288456e-19
 1.260000e+05     3.433232e-19
 1.280000e+05     3.645009e-19
 1.300000e+05     3.830585e-19
 1.320000e+05     3.872208e-19
 1.340000e+05     3.935802e-19
 1.360000e+05     4.008957e-19
 1.380000e+05     4.087213e-19
 1.400000e+05     4.153747e-19
 1.420000e+05     4.202468e-19
 1.440000e+05     4.224553e-19
 1.460000e+05     4.221767e-19
 1.480000e+05     4.206967e-19
 1.500000e+05     4.188171e-19
 1.520000e+05     4.176713e-19
 1.540000e+05     4.174381e-19
 1.560000e+05     4.195134e-19
 1.580000e+05     4.206707e-19
 1.600000e+05     4.200142e-19
 1.620000e+05     4.197311e-19
 1.640000e+05     4.212466e-19
 1.660000e+05     4.255786e-19
 1.680000e+05     4.290869e-19
 1.700000e+05     4.349497e-19
 1.720000e+05     4.434950e-19
 1.740000e+05     4.493888e-19
 1.760000e+05     4.554261e-19
 1.780000e+05     4.599905e-19
 1.800000e+05     4.652754e-19
 1.820000e+05     4.696770e-19
 1.840000e+05     4.745581e-19
 1.860000e+05     4.804927e-19
 1.880000e+05     4.912473e-19
 1.900000e+05     4.989905e-19
 1.920000e+05     5.060987e-19
 1.940000e+05     5.141570e-19
 1.960000e+05     5.225737e-19
 1.980000e+05     5.319735e-19
 2.000000e+05     5.416783e-19
 2.020000e+05     5.525079e-19
 2.040000e+05     5.641645e-19
 2.060000e+05     5.760201e-19
 2.080000e+05     5.877518e-19
 2.100000e+05     6.012592e-19
 2.120000e+05     6.142333e-19
 2.140000e+05     6.269351e-19
 2.160000e+05     6.412332e-19
 2.180000e+05     6.556592e-19
 2.200000e+05     6.685530e-19
 2.220000e+05     6.821104e-19
 2.240000e+05     6.975266e-19
 2.260000e+05     7.125191e-19
 2.280000e+05     7.269910e-19
 2.300000e+05     7.430924e-19
 2.320000e+05     7.608284e-19
 2.340000e+05     7.784385e-19
 2.360000e+05     7.953238e-19
 2.380000e+05     8.132434e-19
 2.400000e+05     8.327185e-19
 2.420000e+05     8.522794e-19
 2.440000e+05     8.711649e-19
 2.460000e+05     8.909521e-19
 2.480000e+05     9.122861e-19
 2.500000e+05     9.339451e-19
 2.520000e+05     9.549483e-19
 2.540000e+05     9.760242e-19
 2.560000e+05     9.989229e-19
 2.580000e+05     1.023945e-18
 2.600000e+05     1.049989e-18
 2.620000e+05     1.075275e-18
 2.640000e+05     1.100296e-18
 2.660000e+05     1.126743e-18
 2.680000e+05     1.154789e-18
 2.700000e+05     1.183241e-18
 2.720000e+05     1.211238e-18
 2.740000e+05     1.238608e-18
 2.760000e+05     1.266939e-18
 2.780000e+05     1.297253e-18
 2.800000e+05     1.329055e-18
 2.820000e+05     1.361348e-18
 2.840000e+05     1.392615e-18
 2.860000e+05     1.423040e-18
 2.880000e+05     1.453727e-18
 2.900000e+05     1.486560e-18
 2.920000e+05     1.519645e-18
 2.940000e+05     1.553361e-18
 2.960000e+05     1.587498e-18
 2.980000e+05     1.621611e-18
 3.000000e+05     1.654831e-18
 3.020000e+05     1.689591e-18
 3.040000e+05     1.725214e-18
 3.060000e+05     1.760732e-18
 3.080000e+05     1.796921e-18
 3.100000e+05     1.833095e-18
 3.120000e+05     1.868185e-18
 3.140000e+05     1.904310e-18
 3.160000e+05     1.942483e-18
 3.180000e+05     1.980713e-18
 3.200000e+05     2.020062e-18
 3.220000e+05     2.061118e-18
 3.240000e+05     2.102059e-18
 3.260000e+05     2.143361e-18
 3.280000e+05     2.184584e-18
 3.300000e+05     2.226031e-18
 3.320000e+05     2.268110e-18
 3.340000e+05     2.318576e-18
 3.360000e+05     2.372661e-18
 3.380000e+05     2.421909e-18
 3.400000e+05     2.465557e-18
 3.420000e+05     2.507669e-18
 3.440000e+05     2.551621e-18
 3.460000e+05     2.598387e-18
 3.480000e+05     2.652858e-18
 3.500000e+05     2.710621e-18
 3.520000e+05     2.759813e-18
 3.540000e+05     2.804984e-18
 3.560000e+05     2.848225e-18
 3.580000e+05     2.889094e-18
 3.600000e+05     2.932815e-18
 3.620000e+05     2.976375e-18
 3.640000e+05     3.018553e-18
 3.660000e+05     3.060470e-18
 3.680000e+05     3.101936e-18
 3.700000e+05     3.145053e-18
 3.720000e+05     3.188043e-18
 3.740000e+05     3.231094e-18
 3.760000e+05     3.274658e-18
 3.780000e+05     3.318685e-18
 3.800000e+05     3.362919e-18
 3.820000e+05     3.407778e-18
 3.840000e+05     3.453048e-18
 3.860000e+05     3.498604e-18
 3.880000e+05     3.544709e-18
 3.900000e+05     3.591200e-18
 3.920000e+05     3.637919e-18
 4.320000e+05     4.660113e-18
 4.760000e+05     5.845455e-18
 5.250000e+05     7.179715e-18
 5.790000e+05     8.601565e-18
 6.390000e+05     1.006731e-17
 7.040000e+05     1.138334e-17
 7.760000e+05     1.247123e-17
 8.560000e+05     1.330276e-17
 9.430000e+05     1.388202e-17
 1.040000e+06     1.427160e-17
 1.147000e+06     1.451313e-17
 1.264000e+06     1.463950e-17
 1.394000e+06     1.466830e-17
 1.537000e+06     1.458326e-17
 1.694000e+06     1.434916e-17
 1.868000e+06     1.392704e-17
 2.059000e+06     1.329390e-17
 2.270000e+06     1.244406e-17
 2.503000e+06     1.140218e-17
 2.760000e+06     1.021709e-17
 3.043000e+06     8.953085e-18
 3.354000e+06     7.677287e-18
 3.698000e+06     6.440229e-18
 4.077000e+06     5.293907e-18
 4.495000e+06     4.268332e-18
 4.956000e+06     3.379941e-18
 5.464000e+06     2.632716e-18
 6.024000e+06     2.019798e-18
 6.641000e+06     1.528592e-18
 7.322000e+06     1.142306e-18
 8.073000e+06     8.443976e-19
 8.900000e+06     6.187121e-19
 9.813000e+06     4.499845e-19
 1.082000e+07     3.259641e-19
 1.193000e+07     2.361372e-19
 1.315000e+07     1.719168e-19
 1.450000e+07     1.260937e-19
 1.598000e+07     9.389926e-20
 1.762000e+07     7.118834e-20
 1.943000e+07     5.536335e-20
 2.142000e+07     4.446799e-20
 2.362000e+07     3.701209e-20
 2.604000e+07     3.202205e-20
 2.871000e+07     2.877400e-20
 3.165000e+07     2.677523e-20
 3.489000e+07     2.567109e-20
 3.847000e+07     2.522110e-20
 4.241000e+07     2.525758e-20
 4.676000e+07     2.566117e-20
 5.155000e+07     2.634605e-20
 5.683000e+07     2.725464e-20
 6.266000e+07     2.835074e-20
 6.908000e+07     2.960766e-20
 7.616000e+07     3.099955e-20
 8.397000e+07     3.252318e-20
 9.258000e+07     3.417038e-20
 1.020700e+08     3.592813e-20
 1.125300e+08     3.780020e-20
 1.240600e+08     3.979387e-20
 1.367800e+08     4.191070e-20
 1.508000e+08     4.414335e-20
 1.662500e+08     4.650443e-20
 1.833000e+08     4.900248e-20
 2.020800e+08     5.164225e-20
 2.228000e+08     5.443291e-20
 2.456300e+08     5.737596e-20
 2.708100e+08     6.048332e-20
 2.985700e+08     6.377075e-20
 3.291700e+08     6.723915e-20
 3.629100e+08     7.090459e-20
 4.001100e+08     7.477661e-20
 4.411200e+08     7.886236e-20
 4.863400e+08     8.317547e-20
 5.361900e+08     8.773467e-20
 5.911500e+08     9.255195e-20
 6.517400e+08     9.764292e-20
 7.185400e+08     1.030160e-19
 7.921900e+08     1.086948e-19
 8.733900e+08     1.146935e-19
 9.629200e+08     1.210413e-19
 1.000000e+09     1.235939e-19
