## EBL from Khaire & Srianand 2018; Q20 Model with alpha=-2.0 
## Column1:wavelength (Angstrom);  Column2:EBL specific intensity J_nu (erg/s/cm^2/Hz/Sr)
## ===========================================================================================
 1.000000e-08     4.589376e-41
 1.122019e-08     6.672724e-41
 1.258925e-08     9.512551e-41
 1.412538e-08     1.327175e-40
 1.584893e-08     1.814995e-40
 1.778279e-08     2.437949e-40
 1.995263e-08     3.222645e-40
 2.238721e-08     4.199435e-40
 2.511887e-08     5.402995e-40
 2.818382e-08     6.872934e-40
 3.162278e-08     8.654677e-40
 3.548135e-08     1.080033e-39
 3.981071e-08     1.336982e-39
 4.466837e-08     1.643228e-39
 5.011870e-08     2.006737e-39
 5.623413e-08     2.436728e-39
 6.309576e-08     2.943849e-39
 7.079456e-08     3.540423e-39
 7.943284e-08     4.240736e-39
 8.912505e-08     5.061308e-39
 1.000000e-07     6.021313e-39
 1.122019e-07     7.142946e-39
 1.258925e-07     8.451920e-39
 1.412538e-07     9.978086e-39
 1.584892e-07     1.175597e-38
 1.778279e-07     1.382568e-38
 1.995263e-07     1.623362e-38
 2.238721e-07     1.903361e-38
 2.511887e-07     2.228805e-38
 2.818382e-07     2.606920e-38
 3.162278e-07     3.046092e-38
 3.548136e-07     3.556027e-38
 3.981071e-07     4.147975e-38
 4.466837e-07     4.834990e-38
 5.011870e-07     5.632175e-38
 5.623413e-07     6.557063e-38
 6.309576e-07     7.629945e-38
 7.079456e-07     8.874337e-38
 7.943284e-07     1.031752e-37
 8.912505e-07     1.199106e-37
 1.000000e-06     1.393161e-37
 1.122019e-06     1.618156e-37
 1.258925e-06     1.879005e-37
 1.412538e-06     2.181412e-37
 1.584893e-06     2.531971e-37
 1.778279e-06     2.938338e-37
 1.995263e-06     3.409377e-37
 2.238721e-06     3.955355e-37
 2.511887e-06     4.588183e-37
 2.818382e-06     5.321647e-37
 3.162278e-06     6.171743e-37
 3.548136e-06     7.156989e-37
 3.981071e-06     8.298834e-37
 4.466837e-06     9.622175e-37
 5.011870e-06     1.115580e-36
 5.623413e-06     1.293315e-36
 6.309576e-06     1.499291e-36
 7.079456e-06     1.737989e-36
 7.943284e-06     2.014611e-36
 8.912505e-06     2.335172e-36
 1.000000e-05     2.706659e-36
 1.122019e-05     3.137152e-36
 1.258925e-05     3.636017e-36
 1.412538e-05     4.214123e-36
 1.584893e-05     4.884038e-36
 1.778279e-05     5.660349e-36
 1.995263e-05     6.559953e-36
 2.238721e-05     7.602413e-36
 2.511887e-05     8.810429e-36
 2.818382e-05     1.021027e-35
 3.162278e-05     1.183242e-35
 3.548135e-05     1.371216e-35
 3.981071e-05     1.589037e-35
 4.466837e-05     1.841449e-35
 5.011870e-05     2.133938e-35
 5.623413e-05     2.472876e-35
 6.309577e-05     2.865632e-35
 7.079457e-05     3.320749e-35
 7.943284e-05     3.848135e-35
 8.912505e-05     4.459256e-35
 1.000000e-04     5.167420e-35
 1.122018e-04     5.988021e-35
 1.258926e-04     6.937423e-35
 1.412538e-04     8.010427e-35
 1.584893e-04     9.248687e-35
 1.778279e-04     1.068565e-34
 1.995262e-04     1.235648e-34
 2.238722e-04     1.430150e-34
 2.511887e-04     1.656794e-34
 2.818383e-04     1.921152e-34
 3.162278e-04     2.229795e-34
 3.548134e-04     2.590489e-34
 3.981073e-04     3.012417e-34
 4.466837e-04     3.506436e-34
 5.011873e-04     4.085413e-34
 5.623413e-04     4.764585e-34
 6.309572e-04     5.562026e-34
 7.079460e-04     6.499179e-34
 7.943284e-04     7.601490e-34
 8.912510e-04     8.899201e-34
 1.000000e-03     1.042826e-33
 1.122018e-03     1.223140e-33
 1.258926e-03     1.435952e-33
 1.412538e-03     1.687315e-33
 1.584893e-03     1.984442e-33
 1.778279e-03     2.335932e-33
 1.995262e-03     2.752035e-33
 2.238722e-03     3.244978e-33
 2.511887e-03     3.829343e-33
 2.818383e-03     4.522547e-33
 3.162278e-03     5.345386e-33
 3.548133e-03     6.322697e-33
 3.981073e-03     7.484179e-33
 4.466837e-03     8.865307e-33
 5.011873e-03     1.050855e-32
 5.623413e-03     1.246480e-32
 6.309573e-03     1.479522e-32
 7.079460e-03     1.757370e-32
 7.943284e-03     2.089015e-32
 8.912510e-03     2.485496e-32
 1.000000e-02     2.960484e-32
 1.122019e-02     3.531005e-32
 1.258925e-02     4.218271e-32
 1.412538e-02     5.048657e-32
 1.584894e-02     6.054625e-32
 1.778279e-02     7.275760e-32
 1.995263e-02     8.759798e-32
 2.238721e-02     1.056359e-31
 2.511887e-02     1.275436e-31
 2.818385e-02     1.541099e-31
 3.162277e-02     1.862564e-31
 3.548136e-02     2.250609e-31
 3.981071e-02     2.717805e-31
 4.466837e-02     3.278894e-31
 5.011876e-02     3.951173e-31
 5.623413e-02     4.755018e-31
 6.309576e-02     5.714540e-31
 7.079456e-02     6.858270e-31
 7.943284e-02     8.220149e-31
 8.912515e-02     9.840520e-31
 1.000000e-01     1.176744e-30
 1.122019e-01     1.406049e-30
 1.258925e-01     1.669851e-30
 1.412538e-01     1.957584e-30
 1.584894e-01     2.264687e-30
 1.778279e-01     2.588219e-30
 1.995263e-01     2.925739e-30
 2.238721e-01     3.275035e-30
 2.511887e-01     3.634123e-30
 2.818385e-01     4.001260e-30
 3.162278e-01     4.374960e-30
 3.548135e-01     4.754013e-30
 3.981071e-01     5.137453e-30
 4.466837e-01     5.524564e-30
 5.011876e-01     5.914832e-30
 5.623413e-01     6.307932e-30
 6.309576e-01     6.702271e-30
 7.079456e-01     7.099473e-30
 7.943284e-01     7.498988e-30
 8.912515e-01     7.900530e-30
 1.000000e+00     8.303787e-30
 1.122019e+00     8.708268e-30
 1.258925e+00     9.113114e-30
 1.412538e+00     9.516923e-30
 1.584894e+00     9.917426e-30
 1.778279e+00     1.031110e-29
 1.995263e+00     1.069257e-29
 2.238721e+00     1.105383e-29
 2.511887e+00     1.138312e-29
 2.818385e+00     1.166366e-29
 3.162278e+00     1.187217e-29
 3.548136e+00     1.197778e-29
 3.981071e+00     1.194214e-29
 4.466837e+00     1.172218e-29
 5.011876e+00     1.127736e-29
 5.623413e+00     1.058198e-29
 6.309576e+00     9.628440e-30
 7.079456e+00     8.363293e-30
 7.943284e+00     7.037957e-30
 8.912516e+00     5.756734e-30
 1.000000e+01     4.569750e-30
 1.122019e+01     3.550579e-30
 1.258925e+01     2.719437e-30
 1.412538e+01     2.107239e-30
 1.584894e+01     1.643024e-30
 1.778279e+01     1.292863e-30
 1.995263e+01     1.028962e-30
 2.238721e+01     8.290613e-31
 2.511887e+01     6.762325e-31
 2.818385e+01     5.580566e-31
 3.162278e+01     4.656124e-31
 3.548135e+01     3.922965e-31
 3.981071e+01     3.334892e-31
 4.466837e+01     2.856508e-31
 5.011876e+01     2.464467e-31
 5.623413e+01     2.140097e-31
 6.309576e+01     1.869879e-31
 7.079456e+01     1.643112e-31
 7.943284e+01     1.452331e-31
 8.912515e+01     1.291070e-31
 1.000000e+02     1.154647e-31
 1.120000e+02     1.040663e-31
 1.250000e+02     9.469359e-32
 1.400000e+02     8.648492e-32
 1.550000e+02     8.024113e-32
 1.650000e+02     7.689073e-32
 1.750000e+02     7.411450e-32
 1.850000e+02     7.194831e-32
 1.900000e+02     7.142435e-32
 1.950000e+02     7.179156e-32
 2.000000e+02     7.407271e-32
 2.050000e+02     8.041982e-32
 2.100000e+02     9.517257e-32
 2.150000e+02     1.267538e-31
 2.180000e+02     1.598960e-31
 2.210000e+02     2.099079e-31
 2.240000e+02     2.843901e-31
 2.260000e+02     3.527427e-31
 2.270000e+02     3.939930e-31
 2.275000e+02     4.166398e-31
 2.278400e+02     4.328650e-31
 2.380000e+02     4.214931e-24
 2.500000e+02     4.586315e-24
 2.700000e+02     4.838684e-24
 2.900000e+02     5.077885e-24
 3.035000e+02     5.233545e-24
 3.037800e+02     5.240698e-24
 3.045000e+02     5.247178e-24
 3.060000e+02     5.262614e-24
 3.080000e+02     5.284676e-24
 3.100000e+02     5.306855e-24
 3.120000e+02     5.329335e-24
 3.150000e+02     5.362571e-24
 3.200000e+02     5.417611e-24
 3.250000e+02     5.472147e-24
 3.300000e+02     5.525938e-24
 3.400000e+02     5.632082e-24
 3.600000e+02     5.837217e-24
 3.800000e+02     6.033670e-24
 4.050000e+02     6.268833e-24
 4.250000e+02     6.449738e-24
 4.500000e+02     6.666685e-24
 4.650000e+02     6.795939e-24
 4.750000e+02     6.880781e-24
 4.820000e+02     6.939158e-24
 4.870000e+02     6.980383e-24
 4.910000e+02     7.013188e-24
 4.950000e+02     7.045851e-24
 4.980000e+02     7.070309e-24
 5.000000e+02     7.086311e-24
 5.020000e+02     7.102996e-24
 5.039800e+02     7.120584e-24
 5.100000e+02     9.742540e-24
 5.250000e+02     9.973153e-24
 5.600000e+02     1.024574e-23
 6.000000e+02     1.058385e-23
 6.500000e+02     1.115954e-23
 7.000000e+02     1.200701e-23
 7.500000e+02     1.332645e-23
 8.000000e+02     1.526091e-23
 8.300000e+02     1.682641e-23
 8.600000e+02     1.874691e-23
 8.800000e+02     2.024520e-23
 8.900000e+02     2.106563e-23
 8.960000e+02     2.158163e-23
 9.000000e+02     2.193567e-23
 9.030000e+02     2.220554e-23
 9.060000e+02     2.248015e-23
 9.090000e+02     2.276126e-23
 9.117800e+02     2.302439e-23
 9.300000e+02     7.646040e-22
 9.500000e+02     2.096374e-21
 9.750000e+02     4.117419e-21
 9.900000e+02     5.008772e-21
 1.005000e+03     6.060471e-21
 1.025000e+03     7.897316e-21
 1.045000e+03     9.358037e-21
 1.065000e+03     1.128500e-20
 1.085000e+03     1.306396e-20
 1.105000e+03     1.459700e-20
 1.125000e+03     1.629099e-20
 1.145000e+03     1.763717e-20
 1.165000e+03     1.912105e-20
 1.185000e+03     2.028646e-20
 1.205000e+03     2.143406e-20
 1.215600e+03     2.195125e-20
 1.215670e+03     2.579693e-20
 1.216000e+03     2.580453e-20
 1.218000e+03     2.584199e-20
 1.221000e+03     2.587804e-20
 1.225000e+03     2.592211e-20
 1.230000e+03     2.612288e-20
 1.240000e+03     2.697036e-20
 1.250000e+03     2.706173e-20
 1.265000e+03     2.819626e-20
 1.285000e+03     2.872950e-20
 1.305000e+03     2.992754e-20
 1.325000e+03     3.082183e-20
 1.345000e+03     3.192359e-20
 1.365000e+03     3.282583e-20
 1.385000e+03     3.362333e-20
 1.405000e+03     3.443256e-20
 1.425000e+03     3.493752e-20
 1.442000e+03     3.540581e-20
 1.455000e+03     3.575318e-20
 1.475000e+03     3.640219e-20
 1.517000e+03     3.725382e-20
 1.595000e+03     3.777672e-20
 1.672000e+03     3.788147e-20
 1.745000e+03     3.791946e-20
 1.825000e+03     3.790693e-20
 1.905000e+03     3.742214e-20
 1.984000e+03     3.600726e-20
 2.065000e+03     3.570138e-20
 2.135000e+03     3.531283e-20
 2.215000e+03     3.486782e-20
 2.295000e+03     3.437486e-20
 2.375000e+03     3.385592e-20
 2.455000e+03     3.341075e-20
 2.525000e+03     3.296740e-20
 2.605000e+03     3.260832e-20
 2.685000e+03     3.240151e-20
 2.765000e+03     3.208929e-20
 2.845000e+03     3.171819e-20
 2.950000e+03     3.137376e-20
 3.110000e+03     3.089735e-20
 3.270000e+03     3.037683e-20
 3.430000e+03     2.986133e-20
 3.590000e+03     2.937120e-20
 3.730000e+03     2.928279e-20
 3.890000e+03     3.061066e-20
 4.050000e+03     3.198218e-20
 4.210000e+03     3.394195e-20
 4.370000e+03     3.542937e-20
 4.530000e+03     3.674212e-20
 4.690000e+03     3.794401e-20
 4.850000e+03     3.867864e-20
 5.010000e+03     3.928495e-20
 5.170000e+03     3.973685e-20
 5.330000e+03     4.014148e-20
 5.490000e+03     4.046035e-20
 5.650000e+03     4.075077e-20
 5.810000e+03     4.104496e-20
 5.970000e+03     4.115346e-20
 6.130000e+03     4.126914e-20
 6.290000e+03     4.130398e-20
 6.450000e+03     4.128635e-20
 6.610000e+03     4.124723e-20
 6.770000e+03     4.122950e-20
 6.930000e+03     4.117170e-20
 7.090000e+03     4.108695e-20
 7.250000e+03     4.100096e-20
 7.410000e+03     4.094076e-20
 7.570000e+03     4.093223e-20
 7.730000e+03     4.097928e-20
 7.890000e+03     4.102425e-20
 8.050000e+03     4.104657e-20
 8.210000e+03     4.109449e-20
 8.370000e+03     4.113930e-20
 8.530000e+03     4.119491e-20
 8.690000e+03     4.128614e-20
 8.850000e+03     4.146190e-20
 9.010000e+03     4.161241e-20
 9.170000e+03     4.174983e-20
 9.330000e+03     4.196606e-20
 9.490000e+03     4.218213e-20
 9.650000e+03     4.234962e-20
 9.810000e+03     4.252224e-20
 9.970000e+03     4.270086e-20
 1.050000e+04     4.304307e-20
 1.150000e+04     4.309117e-20
 1.250000e+04     4.289385e-20
 1.350000e+04     4.263696e-20
 1.450000e+04     4.251751e-20
 1.550000e+04     4.283774e-20
 1.650000e+04     4.271663e-20
 1.750000e+04     4.220559e-20
 1.850000e+04     4.146288e-20
 1.950000e+04     4.059958e-20
 2.050000e+04     3.970247e-20
 2.150000e+04     3.883958e-20
 2.250000e+04     3.806350e-20
 2.350000e+04     3.741481e-20
 2.450000e+04     3.692658e-20
 2.550000e+04     3.662694e-20
 2.650000e+04     3.654003e-20
 2.750000e+04     3.668482e-20
 2.850000e+04     3.707400e-20
 2.950000e+04     3.771445e-20
 3.050000e+04     3.860883e-20
 3.150000e+04     3.933959e-20
 3.250000e+04     4.017674e-20
 3.350000e+04     4.108487e-20
 3.450000e+04     4.199301e-20
 3.550000e+04     4.294297e-20
 3.650000e+04     4.392787e-20
 3.750000e+04     4.493843e-20
 3.850000e+04     4.596669e-20
 3.950000e+04     4.699927e-20
 4.050000e+04     4.802898e-20
 4.150000e+04     4.906216e-20
 4.250000e+04     5.010203e-20
 4.350000e+04     5.114575e-20
 4.450000e+04     5.219004e-20
 4.550000e+04     5.323261e-20
 4.650000e+04     5.427030e-20
 4.750000e+04     5.530143e-20
 4.850000e+04     5.632510e-20
 4.950000e+04     5.734127e-20
 5.050000e+04     5.834987e-20
 5.150000e+04     5.935134e-20
 5.250000e+04     6.034759e-20
 5.350000e+04     6.132719e-20
 5.450000e+04     6.201921e-20
 5.550000e+04     6.291784e-20
 5.650000e+04     6.395418e-20
 5.750000e+04     6.529539e-20
 5.850000e+04     6.624489e-20
 5.950000e+04     6.705504e-20
 6.050000e+04     6.865196e-20
 6.150000e+04     7.366251e-20
 6.250000e+04     8.339781e-20
 6.350000e+04     8.864243e-20
 6.450000e+04     8.942169e-20
 6.550000e+04     8.962072e-20
 6.650010e+04     8.994159e-20
 6.750010e+04     9.051353e-20
 6.850010e+04     9.112398e-20
 6.950010e+04     9.246083e-20
 7.020000e+04     9.426096e-20
 7.100000e+04     9.543959e-20
 7.180000e+04     9.686135e-20
 7.260000e+04     9.898891e-20
 7.340000e+04     1.018563e-19
 7.420000e+04     1.059100e-19
 7.500000e+04     1.116370e-19
 7.580000e+04     1.195154e-19
 7.660000e+04     1.282684e-19
 7.740000e+04     1.360553e-19
 7.820000e+04     1.426947e-19
 7.900000e+04     1.483281e-19
 7.980000e+04     1.525109e-19
 8.060000e+04     1.549574e-19
 8.140000e+04     1.560440e-19
 8.220000e+04     1.560090e-19
 8.300000e+04     1.557001e-19
 8.380000e+04     1.554883e-19
 8.460000e+04     1.554849e-19
 8.540000e+04     1.558422e-19
 8.620000e+04     1.568545e-19
 8.700000e+04     1.579122e-19
 8.780000e+04     1.578048e-19
 8.860000e+04     1.563152e-19
 8.940000e+04     1.539892e-19
 9.020000e+04     1.511429e-19
 9.100000e+04     1.479471e-19
 9.180000e+04     1.446733e-19
 9.260000e+04     1.414937e-19
 9.340000e+04     1.384390e-19
 9.420000e+04     1.354487e-19
 9.500000e+04     1.325388e-19
 9.580000e+04     1.297941e-19
 9.660000e+04     1.275978e-19
 9.740000e+04     1.255582e-19
 9.820000e+04     1.230926e-19
 9.900000e+04     1.204134e-19
 9.980000e+04     1.180527e-19
 1.006000e+05     1.157070e-19
 1.020000e+05     1.119416e-19
 1.040000e+05     1.074577e-19
 1.060000e+05     1.050177e-19
 1.080000e+05     1.035972e-19
 1.100000e+05     1.033742e-19
 1.120000e+05     1.115948e-19
 1.140000e+05     1.295848e-19
 1.160000e+05     1.334421e-19
 1.180000e+05     1.325454e-19
 1.200000e+05     1.324588e-19
 1.220000e+05     1.326210e-19
 1.240000e+05     1.334801e-19
 1.260000e+05     1.365710e-19
 1.280000e+05     1.428067e-19
 1.300000e+05     1.465787e-19
 1.320000e+05     1.419259e-19
 1.340000e+05     1.394451e-19
 1.360000e+05     1.370216e-19
 1.380000e+05     1.342855e-19
 1.400000e+05     1.312734e-19
 1.420000e+05     1.291798e-19
 1.440000e+05     1.271393e-19
 1.460000e+05     1.244638e-19
 1.480000e+05     1.220225e-19
 1.500000e+05     1.197535e-19
 1.520000e+05     1.177498e-19
 1.540000e+05     1.161138e-19
 1.560000e+05     1.170162e-19
 1.580000e+05     1.175282e-19
 1.600000e+05     1.164424e-19
 1.620000e+05     1.169986e-19
 1.640000e+05     1.186035e-19
 1.660000e+05     1.224432e-19
 1.680000e+05     1.246684e-19
 1.700000e+05     1.286384e-19
 1.720000e+05     1.331545e-19
 1.740000e+05     1.356425e-19
 1.760000e+05     1.372658e-19
 1.780000e+05     1.371663e-19
 1.800000e+05     1.370573e-19
 1.820000e+05     1.360606e-19
 1.840000e+05     1.353430e-19
 1.860000e+05     1.349183e-19
 1.880000e+05     1.382950e-19
 1.900000e+05     1.392801e-19
 1.920000e+05     1.388709e-19
 1.940000e+05     1.387458e-19
 1.960000e+05     1.380001e-19
 1.980000e+05     1.377621e-19
 2.000000e+05     1.373224e-19
 2.020000e+05     1.374797e-19
 2.040000e+05     1.372479e-19
 2.060000e+05     1.373493e-19
 2.080000e+05     1.374013e-19
 2.100000e+05     1.379759e-19
 2.120000e+05     1.386407e-19
 2.140000e+05     1.393335e-19
 2.160000e+05     1.401266e-19
 2.180000e+05     1.410994e-19
 2.200000e+05     1.422687e-19
 2.220000e+05     1.434601e-19
 2.240000e+05     1.447026e-19
 2.260000e+05     1.460509e-19
 2.280000e+05     1.475082e-19
 2.300000e+05     1.490688e-19
 2.320000e+05     1.506728e-19
 2.340000e+05     1.523018e-19
 2.360000e+05     1.540021e-19
 2.380000e+05     1.557987e-19
 2.400000e+05     1.576660e-19
 2.420000e+05     1.595583e-19
 2.440000e+05     1.614815e-19
 2.460000e+05     1.634621e-19
 2.480000e+05     1.654953e-19
 2.500000e+05     1.675549e-19
 2.520000e+05     1.696264e-19
 2.540000e+05     1.717252e-19
 2.560000e+05     1.739457e-19
 2.580000e+05     1.766072e-19
 2.600000e+05     1.798289e-19
 2.620000e+05     1.826855e-19
 2.640000e+05     1.849509e-19
 2.660000e+05     1.871461e-19
 2.680000e+05     1.894936e-19
 2.700000e+05     1.917707e-19
 2.720000e+05     1.940855e-19
 2.740000e+05     1.965055e-19
 2.760000e+05     1.989574e-19
 2.780000e+05     2.015168e-19
 2.800000e+05     2.042310e-19
 2.820000e+05     2.073256e-19
 2.840000e+05     2.105473e-19
 2.860000e+05     2.134838e-19
 2.880000e+05     2.163357e-19
 2.900000e+05     2.193377e-19
 2.920000e+05     2.224284e-19
 2.940000e+05     2.255103e-19
 2.960000e+05     2.286969e-19
 2.980000e+05     2.319287e-19
 3.000000e+05     2.351820e-19
 3.020000e+05     2.385710e-19
 3.040000e+05     2.420460e-19
 3.060000e+05     2.455605e-19
 3.080000e+05     2.491958e-19
 3.100000e+05     2.528838e-19
 3.120000e+05     2.566449e-19
 3.140000e+05     2.605644e-19
 3.160000e+05     2.646069e-19
 3.180000e+05     2.687628e-19
 3.200000e+05     2.730414e-19
 3.220000e+05     2.774855e-19
 3.240000e+05     2.820748e-19
 3.260000e+05     2.868454e-19
 3.280000e+05     2.918508e-19
 3.300000e+05     2.970730e-19
 3.320000e+05     3.026642e-19
 3.340000e+05     3.106192e-19
 3.360000e+05     3.218946e-19
 3.380000e+05     3.300724e-19
 3.400000e+05     3.356868e-19
 3.420000e+05     3.398419e-19
 3.440000e+05     3.440824e-19
 3.460000e+05     3.502598e-19
 3.480000e+05     3.611992e-19
 3.500000e+05     3.746235e-19
 3.520000e+05     3.822966e-19
 3.540000e+05     3.879409e-19
 3.560000e+05     3.908642e-19
 3.580000e+05     3.953595e-19
 3.600000e+05     4.011687e-19
 3.620000e+05     4.057161e-19
 3.640000e+05     4.096588e-19
 3.660000e+05     4.148472e-19
 3.680000e+05     4.201831e-19
 3.700000e+05     4.248756e-19
 3.720000e+05     4.299632e-19
 3.740000e+05     4.357368e-19
 3.760000e+05     4.412876e-19
 3.780000e+05     4.465644e-19
 3.800000e+05     4.521779e-19
 3.820000e+05     4.579631e-19
 3.840000e+05     4.634849e-19
 3.860000e+05     4.689750e-19
 3.880000e+05     4.747889e-19
 3.900000e+05     4.808072e-19
 3.920000e+05     4.868174e-19
 4.320000e+05     6.139668e-19
 4.760000e+05     7.655045e-19
 5.250000e+05     9.414718e-19
 5.790000e+05     1.139432e-18
 6.390000e+05     1.361549e-18
 7.040000e+05     1.604808e-18
 7.760000e+05     1.987759e-18
 8.560000e+05     2.554321e-18
 9.430000e+05     3.303671e-18
 1.040000e+06     4.217017e-18
 1.147000e+06     5.211379e-18
 1.264000e+06     6.169654e-18
 1.394000e+06     6.982575e-18
 1.537000e+06     7.538894e-18
 1.694000e+06     7.777007e-18
 1.868000e+06     7.684263e-18
 2.059000e+06     7.293745e-18
 2.270000e+06     6.669678e-18
 2.503000e+06     5.893873e-18
 2.760000e+06     5.048637e-18
 3.043000e+06     4.205478e-18
 3.354000e+06     3.416883e-18
 3.698000e+06     2.711484e-18
 4.077000e+06     2.108261e-18
 4.495000e+06     1.609269e-18
 4.956000e+06     1.208326e-18
 5.464000e+06     8.942364e-19
 6.024000e+06     6.532349e-19
 6.641000e+06     4.717580e-19
 7.322000e+06     3.371023e-19
 8.073000e+06     2.386658e-19
 8.900000e+06     1.676673e-19
 9.813000e+06     1.175469e-19
 1.082000e+07     8.238787e-20
 1.193000e+07     5.781226e-20
 1.315000e+07     4.067879e-20
 1.450000e+07     2.865773e-20
 1.598000e+07     2.027246e-20
 1.762000e+07     1.435855e-20
 1.943000e+07     1.020880e-20
 2.142000e+07     7.308903e-21
 2.362000e+07     5.274362e-21
 2.604000e+07     3.856298e-21
 2.871000e+07     2.864966e-21
 3.165000e+07     2.183507e-21
 3.489000e+07     1.711730e-21
 3.847000e+07     1.393963e-21
 4.241000e+07     1.184563e-21
 4.676000e+07     1.051618e-21
 5.155000e+07     9.727760e-22
 5.683000e+07     9.337436e-22
 6.266000e+07     9.280765e-22
 6.908000e+07     9.455135e-22
 7.616000e+07     9.808882e-22
 8.397000e+07     1.027602e-21
 9.258000e+07     1.090557e-21
 1.020700e+08     1.162454e-21
 1.125300e+08     1.245149e-21
 1.240600e+08     1.339232e-21
 1.367800e+08     1.440393e-21
 1.508000e+08     1.552948e-21
 1.662500e+08     1.679031e-21
 1.833000e+08     1.812824e-21
 2.020800e+08     1.958208e-21
 2.228000e+08     2.113496e-21
 2.456300e+08     2.283942e-21
 2.708100e+08     2.469554e-21
 2.985700e+08     2.668480e-21
 3.291700e+08     2.884712e-21
 3.629100e+08     3.116600e-21
 4.001100e+08     3.367158e-21
 4.411200e+08     3.638953e-21
 4.863400e+08     3.933337e-21
 5.361900e+08     4.251166e-21
 5.911500e+08     4.597638e-21
 6.517400e+08     4.971441e-21
 7.185400e+08     5.375226e-21
 7.921900e+08     5.811388e-21
 8.733900e+08     6.281477e-21
 9.629200e+08     6.789101e-21
 1.000000e+09     6.996677e-21
