1.000000000000000021e-08 -1.786507054654052675e-20 -1.759697015289629828e-19 -3.731317981449192220e-19 -3.854985493219423848e-19 -3.866699889520009425e-19 -3.866755280049657158e-19
1.047249412298147599e-08 -1.868787493599990146e-20 -1.842703999286540020e-19 -3.916678730956596724e-19 -4.046269148508942199e-19 -4.058538131384665849e-19 -4.058596140415688873e-19
1.096731331558817776e-08 -1.941532455516562272e-20 -1.917015679244695267e-19 -4.092196704170316073e-19 -4.227985324986683694e-19 -4.240835093551247648e-19 -4.240895844806572928e-19
1.148551242423939246e-08 -2.008733307492027162e-20 -1.986149765214279469e-19 -4.262142159605689501e-19 -4.404416733305955413e-19 -4.417874723789158116e-19 -4.417938346837586479e-19
1.202819613622777605e-08 -2.072700546288991484e-20 -2.052301067162627971e-19 -4.429646969690209769e-19 -4.578708325248375135e-19 -4.592803269345188876e-19 -4.592869899877511257e-19
1.259652133467138771e-08 -2.134437895092694475e-20 -2.116458632849467502e-19 -4.596499525747558877e-19 -4.752662257138800117e-19 -4.767424243101718241e-19 -4.767494023220116025e-19
1.319169956473571732e-08 -2.194201615241761383e-20 -2.178873632699150111e-19 -4.763486771975586583e-19 -4.927079984784058835e-19 -4.942540521392988847e-19 -4.942613599914012985e-19
1.381499961638323665e-08 -2.251868442853766344e-20 -2.239408753784285715e-19 -4.930749864536213839e-19 -5.102117982663527313e-19 -5.118310066207319375e-19 -5.118386598978838747e-19
1.446775022915647947e-08 -2.307130146100373493e-20 -2.297731212348542373e-19 -5.098029439306214261e-19 -5.277533066961308264e-19 -5.294491251373877013e-19 -5.294571401607692311e-19
1.515134292476051304e-08 -2.359571956527322853e-20 -2.353395330749303463e-19 -5.264800061185333419e-19 -5.452816891465333447e-19 -5.470577361767517238e-19 -5.470661300387027908e-19
1.586723497348317818e-08 -2.408722837649090901e-20 -2.405891434428185922e-19 -5.430354498706135300e-19 -5.627280257193051855e-19 -5.645880906396569883e-19 -5.645968812401163926e-19
1.661695250077690681e-08 -2.454104905864075565e-20 -2.454695272584939258e-19 -5.593877382805429501e-19 -5.800126793546797617e-19 -5.819607303187882989e-19 -5.819699364034755462e-19
1.740209374062484928e-08 -2.495213485142997255e-20 -2.499252285674060130e-19 -5.754440866874397619e-19 -5.970448629505390294e-19 -5.990850553981425036e-19 -5.990946965984886884e-19
1.822433244262664688e-08 -2.531537147516102315e-20 -2.538996979532430514e-19 -5.911030283418075456e-19 -6.137252053929246477e-19 -6.158618908824057158e-19 -6.158719877574256455e-19
1.908542144006685920e-08 -2.562574292272016105e-20 -2.573371161156819398e-19 -6.062561699481689092e-19 -6.299475072507217323e-19 -6.321852427096420583e-19 -6.321958167897559971e-19
1.998719638657252797e-08 -2.587863300054256395e-20 -2.601856206199347648e-19 -6.207922217166090753e-19 -6.456027713322834441e-19 -6.479463287465910720e-19 -6.479574025795238880e-19
2.093157966932573922e-08 -2.606951160392309262e-20 -2.623943980309427112e-19 -6.345935484473960594e-19 -6.605757550782810684e-19 -6.630301316412229231e-19 -6.630417288400513221e-19
2.192058450717323396e-08 -2.619445146819207585e-20 -2.639190553164287217e-19 -6.475426251618437055e-19 -6.747514285414033801e-19 -6.773218572852221843e-19 -6.773340025787418223e-19
2.295631924236909730e-08 -2.624982664257439628e-20 -2.647188577412197993e-19 -6.595186569632485371e-19 -6.880115976442498868e-19 -6.907035585776955694e-19 -6.907162778631292293e-19
2.404099183509974240e-08 -2.623270768510018881e-20 -2.647607621309466893e-19 -6.704024529217906951e-19 -7.002397823485265791e-19 -7.030590141255180743e-19 -7.030723345237064623e-19
2.517691457037276973e-08 -2.614063354062894666e-20 -2.640172240658584460e-19 -6.800763642999941262e-19 -7.113211598218336674e-19 -7.142736719667395038e-19 -7.142876218799657554e-19
2.636650898730355460e-08 -2.597197473613420607e-20 -2.624700540358008096e-19 -6.884286074095317761e-19 -7.211468926608292005e-19 -7.242389783775292350e-19 -7.242535875500771823e-19
2.761231104130752960e-08 -2.572601345725666852e-20 -2.601113162816237580e-19 -6.953549445135390146e-19 -7.296158153610404191e-19 -7.328540649538371210e-19 -7.328693645353819282e-19
2.891697651020302230e-08 -2.540329100336452489e-20 -2.569468774611467835e-19 -7.007679726871462762e-19 -7.366437286610436675e-19 -7.400350435962138728e-19 -7.400510662082220345e-19
3.028328665574945464e-08 -2.500539283334672639e-20 -2.529940787621908398e-19 -7.045930524244809403e-19 -7.421593331178386919e-19 -7.457109407560784318e-19 -7.457277205613637917e-19
3.171415415268995558e-08 -2.453483223115348300e-20 -2.482804305943068473e-19 -7.067702738193830424e-19 -7.461061991527370392e-19 -7.498256681830816685e-19 -7.498432409586174161e-19
3.321262929793747838e-08 -2.399480794612428124e-20 -2.428409678320899928e-19 -7.072529998424652005e-19 -7.484413125814101725e-19 -7.523365691885465029e-19 -7.523549724017321920e-19
3.478190651314133734e-08 -2.338949946539848990e-20 -2.367211216906380324e-19 -7.060147315327673269e-19 -7.491419405270298959e-19 -7.532212853246773947e-19 -7.532405582132110133e-19
3.642533115449638087e-08 -2.272415839473646308e-20 -2.299774732675666757e-19 -7.030526253505551265e-19 -7.482091492053382659e-19 -7.524812749691333662e-19 -7.525014586246509116e-19
3.814640664431173801e-08 -2.200442696505385293e-20 -2.226705928036609410e-19 -6.983776237986350609e-19 -7.456579371839967193e-19 -7.501319474192042063e-19 -7.501530848748546080e-19
3.994880193954170552e-08 -2.123650469145938382e-20 -2.148665905300169446e-19 -6.920197471184091185e-19 -7.415225351169202662e-19 -7.462079634967188281e-19 -7.462300998189129396e-19
4.183635935320023550e-08 -2.042800617160781789e-20 -2.066457174863761730e-19 -6.840473578108444842e-19 -7.358756874757978931e-19 -7.407825181887756277e-19 -7.408057005732402490e-19
4.381310274533305903e-08 -1.958740071113110605e-20 -1.980965313897894245e-19 -6.745600148325123299e-19 -7.288215325852396801e-19 -7.339602216317972117e-19 -7.339844995041755586e-19
4.588324610100840134e-08 -1.872291422771210851e-20 -1.893046863678987282e-19 -6.636679331502391062e-19 -7.204750920858261943e-19 -7.258565895664121409e-19 -7.258820146875955534e-19
4.805120251361241963e-08 -1.784222806469617576e-20 -1.803498635849528232e-19 -6.514865332908825766e-19 -7.109568489327636079e-19 -7.165926223730255307e-19 -7.166192489494873035e-19
5.032159359259998438e-08 -1.695304275621094758e-20 -1.713114985068320996e-19 -6.381487893379172036e-19 -7.004050992272929673e-19 -7.063071579884930219e-19 -7.063350427878208970e-19
5.269925931575656566e-08 -1.606325949334584444e-20 -1.622706561691806094e-19 -6.238092206688010969e-19 -6.889799021670642339e-19 -6.951608229930367332e-19 -6.951900254649045082e-19
5.518926834697374392e-08 -1.518101634360307865e-20 -1.533104156155665299e-19 -6.086500058504812979e-19 -6.768690817923597839e-19 -6.833420355470451415e-19 -6.833726179499199857e-19
5.779692884153313076e-08 -1.431360988696321010e-20 -1.445050058268640176e-19 -5.928521785649663591e-19 -6.642593244051372305e-19 -6.710381040576525300e-19 -6.710701315914508240e-19
6.052779976193355532e-08 -1.346738610734112689e-20 -1.359187645390617975e-19 -5.765904598522955815e-19 -6.513309627892256398e-19 -6.584300127061913527e-19 -6.584635536512109414e-19
6.338770272838487585e-08 -1.264782868392210210e-20 -1.276070896041594022e-19 -5.600361614196562927e-19 -6.382609141016674761e-19 -6.456953607084416593e-19 -6.457304865708382221e-19
6.638273442923075061e-08 -1.186056173794724270e-20 -1.196266353769587851e-19 -5.433838611328492147e-19 -6.252494540987818685e-19 -6.330351379734462244e-19 -6.330719236375835783e-19
6.951927961775605236e-08 -1.110945726589363674e-20 -1.120162154476685081e-19 -5.267940868199501678e-19 -6.124628822383947234e-19 -6.206163917047561665e-19 -6.206549155926913691e-19
7.280402472308577138e-08 -1.039765796295344594e-20 -1.048071910775202986e-19 -5.104205715782884030e-19 -6.000613666551056627e-19 -6.086000729415517302e-19 -6.086404171800753171e-19
7.624397210419137417e-08 -9.728335351809242601e-21 -9.803115587358412634e-20 -4.944333399371497163e-19 -5.882224077895271227e-19 -5.971645018250618531e-19 -5.972067524205700623e-19
7.984645497739078007e-08 -9.103255639220525260e-21 -9.170547648183945139e-20 -4.789710870473872912e-19 -5.770926541683684112e-19 -5.864571850882603166e-19 -5.865014321098492035e-19
8.361915304916317034e-08 -8.522209861051504718e-21 -8.582758084582211757e-20 -4.641076764057591354e-19 -5.667522937964359384e-19 -5.765592092373337691e-19 -5.766055470085010734e-19
8.757010888760516765e-08 -7.985497597983528915e-21 -8.040003426849287877e-20 -4.499403697113397901e-19 -5.573034495090415760e-19 -5.675736377767270442e-19 -5.676221650760543791e-19
9.170774506742930629e-08 -7.493052162727168879e-21 -7.542171893488406377e-20 -4.365619482110475873e-19 -5.488446146107643710e-19 -5.595999488100994064e-19 -5.596507690813313483e-19
9.604088212505369602e-08 -7.042725995177128795e-21 -7.087056388590202201e-20 -4.239829400524991535e-19 -5.413924966005186822e-19 -5.526558808176042206e-19 -5.527091023895863316e-19
1.005787573620583525e-07 -6.632430788469883828e-21 -6.672512151823823196e-20 -4.122191216935039743e-19 -5.349700200670918097e-19 -5.467654376942952012e-19 -5.468211740111092716e-19
1.053310445370938174e-07 -6.260377563969493646e-21 -6.296700790072938844e-20 -4.012904815902387034e-19 -5.296021296045936996e-19 -5.419546939028465996e-19 -5.420130637647472772e-19
1.103078744882215094e-07 -5.923245373852714174e-21 -5.956243913923777996e-20 -3.911447396102139402e-19 -5.252419048821555491e-19 -5.381779118875150192e-19 -5.382390397030166088e-19
1.155198567296478112e-07 -5.617937964803133956e-21 -5.647993787589467092e-20 -3.817342023954794943e-19 -5.218479657674112111e-19 -5.353949496546228653e-19 -5.354589657043097460e-19
1.209781020688901285e-07 -5.341280476448163562e-21 -5.368728178231473402e-20 -3.729900729919376662e-19 -5.193543219073707013e-19 -5.335411129023954146e-19 -5.336081536149117491e-19
1.266942462925907516e-07 -5.089883066225520619e-21 -5.115012001498770337e-20 -3.648271164235599217e-19 -5.176775070726853204e-19 -5.325342919647620131e-19 -5.326045002055891501e-19
1.326804749714724565e-07 -4.860856994781435662e-21 -4.883918337940797113e-20 -3.571758114729013454e-19 -5.167536328474357773e-19 -5.323120181365033435e-19 -5.323855435099883887e-19
1.389495494373135967e-07 -4.651395568662304458e-21 -4.672606290772270678e-20 -3.499531665077202868e-19 -5.165026890979515316e-19 -5.327957668291753136e-19 -5.328727659944618333e-19
1.455148339873193838e-07 -4.458686926219748223e-21 -4.478233228340394423e-20 -3.430620068660423191e-19 -5.168280208112845915e-19 -5.338904370823910322e-19 -5.339710740838370834e-19
1.523903243738830568e-07 -4.280675549505210966e-21 -4.298719205241941856e-20 -3.364458752333165810e-19 -5.176733356319482798e-19 -5.355413613143474825e-19 -5.356258079270671044e-19
1.595906776404730930e-07 -4.115285325416078245e-21 -4.131966290885793503e-20 -3.300286801387383317e-19 -5.189595739937290931e-19 -5.376711767963716645e-19 -5.377596128875477138e-19
1.671312433672485754e-07 -3.960819463151540029e-21 -3.976260004741523976e-20 -3.237466020384178451e-19 -5.206130069369358619e-19 -5.402079260776996923e-19 -5.403005399844426313e-19
1.750280963930101071e-07 -3.815854978925929752e-21 -3.830161740550129516e-20 -3.175589438811843745e-19 -5.225987007380302554e-19 -5.431185332280601285e-19 -5.432155221525961393e-19
1.832980710832437485e-07 -3.679239892061069033e-21 -3.692507217396406155e-20 -3.114265125253113941e-19 -5.248720168062184868e-19 -5.463603220253182998e-19 -5.464618924483634718e-19
1.919587972173111036e-07 -3.549749043962265202e-21 -3.562059991851737799e-20 -3.052948556410038519e-19 -5.273667256442043370e-19 -5.498691128151106006e-19 -5.499754809285614266e-19
2.010287375712883513e-07 -3.427033112064709646e-21 -3.438463545618072078e-20 -2.991823258652419245e-19 -5.300934303506725439e-19 -5.536576360998357616e-19 -5.537690282600848982e-19
2.105272272765707025e-07 -3.310308666917365206e-21 -3.320926501802856233e-20 -2.930622250632069841e-19 -5.330143719283002304e-19 -5.576903462162958816e-19 -5.578069994198572083e-19
2.204745150381476721e-07 -3.199156727638053624e-21 -3.209023899707734191e-20 -2.869363619852916557e-19 -5.361269993248357851e-19 -5.619670130282147506e-19 -5.620891754119755838e-19
2.308918063004192515e-07 -3.093528137787103003e-21 -3.102702459550254349e-20 -2.808380918272597501e-19 -5.394471786395022495e-19 -5.665059422275222829e-19 -5.666338735965363884e-19
2.418013084525718094e-07 -2.992887888054147769e-21 -3.001421565133551504e-20 -2.747569937109785853e-19 -5.429566507565450685e-19 -5.712914076805435941e-19 -5.714253800668842496e-19
2.532262781698794421e-07 -2.896955246722568722e-21 -2.904896451879148893e-20 -2.687013275509343203e-19 -5.466405301587533079e-19 -5.763111662804171213e-19 -5.764514645370377108e-19
2.651910709918540592e-07 -2.805569641067804441e-21 -2.812962815412925182e-20 -2.626943906858912846e-19 -5.505129679238958018e-19 -5.815820940893808055e-19 -5.817290165219533081e-19
2.777211932429355222e-07 -2.718275856054038445e-21 -2.725161360943864857e-20 -2.567258981370919137e-19 -5.545431079538593139e-19 -5.870762679289197898e-19 -5.872301269663651045e-19
2.908433564064044759e-07 -2.634705981876524091e-21 -2.641120606525531772e-20 -2.507928942769529109e-19 -5.587077665384465678e-19 -5.927735458810417326e-19 -5.929346687807701724e-19
3.045855340674284305e-07 -2.554777552548988067e-21 -2.560755458319160660e-20 -2.449201390438722856e-19 -5.630241517560135095e-19 -5.986942411386342154e-19 -5.988629707169443272e-19
3.189770215466324559e-07 -2.478103231673187066e-21 -2.483675415863738367e-20 -2.391001192441563113e-19 -5.674627495739697061e-19 -6.048121838434444986e-19 -6.049888792173861744e-19
3.340484983513244456e-07 -2.404325240314388244e-21 -2.409519833596398514e-20 -2.333242259086111285e-19 -5.720006350283558377e-19 -6.111078988555557876e-19 -6.112929361853905096e-19
3.498320935775032240e-07 -2.333074879251035481e-21 -2.337917333472935751e-20 -2.275811051480235565e-19 -5.766075619576043402e-19 -6.175545419968177345e-19 -6.177483152311356412e-19
3.663614544020715978e-07 -2.264022808330552849e-21 -2.268536170944925029e-20 -2.218594791736233913e-19 -5.812575704765514954e-19 -6.241297899976134501e-19 -6.243327116442343668e-19
3.836718178112648840e-07 -2.197020621104499941e-21 -2.201226249659367261e-20 -2.161644351187579312e-19 -5.859401575556607005e-19 -6.308270748966708543e-19 -6.310395768587210080e-19
4.018000857182091376e-07 -2.132198783181205743e-21 -2.136116970470360191e-20 -2.105291482140848725e-19 -5.906927211304273645e-19 -6.376875663730273896e-19 -6.379101008837317817e-19
4.207849036297398112e-07 -2.069815947623547162e-21 -2.073466358261153342e-20 -2.049993305183386568e-19 -5.955651331184849817e-19 -6.447654677374652360e-19 -6.449985083920546473e-19
4.406667430301786510e-07 -2.010420061411938877e-21 -2.013822243140187667e-20 -1.996508748959755540e-19 -6.006621512456601121e-19 -6.521697597269868182e-19 -6.524138025643096952e-19
4.614879876576943378e-07 -1.954517165452284168e-21 -1.957690465518677614e-20 -1.945546581963697391e-19 -6.060841744365985244e-19 -6.600050319810189238e-19 -6.602605965500947078e-19
4.832930238571752032e-07 -1.902661867653673664e-21 -1.905625438772092628e-20 -1.897844493791766621e-19 -6.119484863754463790e-19 -6.683935361440354438e-19 -6.686611665240252398e-19
5.061283352022213755e-07 -1.855111924764673802e-21 -1.857884119989302862e-20 -1.853804972290095539e-19 -6.183282405471490038e-19 -6.774129874846504430e-19 -6.776932532876918234e-19
5.300426015879672442e-07 -1.811744079056206467e-21 -1.814341841850462297e-20 -1.813405694642067455e-19 -6.252229439107433629e-19 -6.870677856791278950e-19 -6.873612831184352316e-19
5.550868030059810844e-07 -1.772161387729797925e-21 -1.774599861972123451e-20 -1.776319380400786942e-19 -6.325807606904691411e-19 -6.973110113804562646e-19 -6.976183645291581332e-19
5.813143282224713361e-07 -1.735506265815665870e-21 -1.737798227380814521e-20 -1.741735895143207550e-19 -6.402491087117431889e-19 -7.079946641558366563e-19 -7.083165264923164091e-19
6.087810885914755949e-07 -1.700794957521482266e-21 -1.702950852477636273e-20 -1.708707495083596735e-19 -6.480390189155185103e-19 -7.189347067173574065e-19 -7.192717627691461798e-19
6.375456372456506623e-07 -1.667165742577410993e-21 -1.669194142726533398e-20 -1.676405620651024025e-19 -6.557550524014328382e-19 -7.299414272077061118e-19 -7.302943937123815892e-19
6.676692939187570225e-07 -1.634035241787863527e-21 -1.635943454622711294e-20 -1.644281471666588374e-19 -6.632406840873129365e-19 -7.408632271074559345e-19 -7.412328532757606809e-19
6.992162756659374859e-07 -1.601038334610473163e-21 -1.602832831844257891e-20 -1.612006028529294345e-19 -6.703724530204368355e-19 -7.515820141152305383e-19 -7.519690812076571681e-19
7.322538337604526175e-07 -1.567771688440332892e-21 -1.569458152004641600e-20 -1.579210015665130399e-19 -6.770005193314607510e-19 -7.619524752208182132e-19 -7.623577967930384437e-19
7.668523970587009988e-07 -1.533911754061386261e-21 -1.535495226807428340e-20 -1.545602553445761893e-19 -6.829937575055333187e-19 -7.718486189673262001e-19 -7.722730434537556711e-19
8.030857221391520214e-07 -1.499216927238309547e-21 -1.500701992445255402e-20 -1.510973612956619461e-19 -6.882212388179095262e-19 -7.811437574354307530e-19 -7.815881732855588109e-19
8.410310505352605059e-07 -1.463643978429060328e-21 -1.465035012591284134e-20 -1.475311063815571450e-19 -6.926087061607775909e-19 -7.897673121706975640e-19 -7.902326543379317785e-19
8.807692733975452007e-07 -1.427172528640467641e-21 -1.428473744281232268e-20 -1.438622812186812571e-19 -6.960748347652030466e-19 -7.976421941614951895e-19 -7.981294487075417751e-19
9.223851039358476476e-07 -1.389828207514534615e-21 -1.391043695738779052e-20 -1.400960100644757922e-19 -6.985584369221049356e-19 -8.047134305260684547e-19 -8.052236310380830030e-19
9.659672580093842445e-07 -1.351634423581305882e-21 -1.352768164136717265e-20 -1.362368972073944628e-19 -6.999880182489650842e-19 -8.109095876415019390e-19 -8.114438079050916492e-19
1.011608643249580685e-06 -1.312620426105735828e-21 -1.313676289268609655e-20 -1.322898384278898234e-19 -7.002925034942474818e-19 -8.161624982667210678e-19 -8.167218622093488714e-19
1.059406557118849879e-06 -1.272848859416319678e-21 -1.273830631992574846e-20 -1.282628239601704699e-19 -6.994107869252789336e-19 -8.204104832452860319e-19 -8.209961664830855608e-19
1.109462894327521805e-06 -1.232420489381767118e-21 -1.233331895122884332e-20 -1.241674182001890432e-19 -6.973039277763730268e-19 -8.236138287606285336e-19 -8.242270686838039782e-19
1.161884364051101366e-06 -1.191448365526431202e-21 -1.192293059466675055e-20 -1.200161673852754006e-19 -6.939444022630899162e-19 -8.257446506988947947e-19 -8.263867507431850758e-19
1.216782717410923029e-06 -1.150034950815615580e-21 -1.150816508678801680e-20 -1.158203293502389416e-19 -6.892991982360667916e-19 -8.267673588064949722e-19 -8.274396479698814276e-19
1.274274985703132233e-06 -1.108304284754148497e-21 -1.109026207165846313e-20 -1.115931320295909080e-19 -6.833523139403289877e-19 -8.266558462307042103e-19 -8.273596575680438871e-19
1.334483729883838272e-06 -1.066335048351235594e-21 -1.067000725551866363e-20 -1.073430601848994553e-19 -6.760725446205285561e-19 -8.253697014095483329e-19 -8.261064998678400717e-19
1.397537301842292589e-06 -1.024249145314378959e-21 -1.024861874962226813e-20 -1.030827989298337362e-19 -6.674639931952482397e-19 -8.229086510312149255e-19 -8.236799471780809546e-19
1.463570118019079709e-06 -9.821423172726887277e-22 -9.827052902059693825e-21 -9.882228460676431376e-20 -6.575178701496129436e-19 -8.192471297516879187e-19 -8.200545217912726832e-19
1.532722945952611864e-06 -9.401188787454852842e-22 -9.406351772956478536e-21 -9.457221269632912382e-20 -6.462437151648932177e-19 -8.143776147191587156e-19 -8.152228026302746733e-19
1.605143204364761518e-06 -8.983046669618648892e-22 -8.987772781765161726e-21 -9.034536604938555492e-20 -6.336704451704459997e-19 -8.083022887948159769e-19 -8.091870755439053511e-19
1.680985277425365480e-06 -8.568299771954173298e-22 -8.572617873631722719e-21 -8.615490227538735044e-20 -6.198468461433444454e-19 -8.010489465380038546e-19 -8.019750974590684816e-19
1.760410843865552647e-06 -8.158036521458778328e-22 -8.161974359233209478e-21 -8.201176928191296221e-20 -6.048200253609216964e-19 -7.926350753995554509e-19 -7.936045422054795513e-19
1.843589221641485989e-06 -7.753716463465441738e-22 -7.757300821581448451e-21 -7.793060115641600685e-20 -5.886772185962210366e-19 -7.831166776088331975e-19 -7.841314754791597708e-19
1.930697728883249761e-06 -7.356423227026293854e-22 -7.359679753259261247e-21 -7.392222042521595539e-20 -5.714949905896065562e-19 -7.725291113384216846e-19 -7.735912644504471856e-19
2.021922061898355469e-06 -6.967648024449237709e-22 -6.970601434759502105e-21 -7.000152165133448196e-20 -5.533919952137575127e-19 -7.609423340892779162e-19 -7.620537469626993930e-19
2.117456691035711939e-06 -6.588549242194798847e-22 -6.591223103322733858e-21 -6.618002609668540952e-20 -5.344883019828556168e-19 -7.484362361768552839e-19 -7.495992200871434895e-19
2.217505275253929593e-06 -6.220173877826725310e-22 -6.222590610431685092e-21 -6.246812494298598728e-20 -5.149094608110804581e-19 -7.350851761380317131e-19 -7.363020485984755345e-19
2.322281096277724546e-06 -5.863325391181331223e-22 -5.865506178790171432e-21 -5.887375096509378767e-20 -4.947809728370261001e-19 -7.209637869124581836e-19 -7.222370063222013480e-19
2.432007513267949776e-06 -5.518496354863427411e-22 -5.520461085969744767e-21 -5.540171173566285073e-20 -4.742145790938476117e-19 -7.061225260052897314e-19 -7.074545890836346399e-19
2.546918438974540089e-06 -5.186143162249169987e-22 -5.187910479958626448e-21 -5.205645101904943351e-20 -4.533308756150309700e-19 -6.906193993615032757e-19 -6.920129262412525505e-19
2.667258838387402631e-06 -4.866772895641341954e-22 -4.868360248416321360e-21 -4.884291971685062278e-20 -4.322692346713991021e-19 -6.745399325634021574e-19 -6.759976527505645322e-19
2.793285250948253035e-06 -4.560316879385043832e-22 -4.561740409489085839e-21 -4.576029522547700023e-20 -4.111223912337911221e-19 -6.579191832489709593e-19 -6.594434349969768103e-19
2.925266337436647538e-06 -4.266889720678428858e-22 -4.268164397888315628e-21 -4.280960015627428410e-20 -3.900066620543964788e-19 -6.408162618827951186e-19 -6.424103957294581502e-19
3.063483452696084141e-06 -3.986292908255093343e-22 -3.987432517152233861e-21 -3.998872285808445728e-20 -3.690119066183337985e-19 -6.232545181569909892e-19 -6.249206068665276406e-19
3.208231245421074258e-06 -3.718260985375404735e-22 -3.719278175540954902e-21 -3.729488654695165337e-20 -3.482195513605666445e-19 -6.052736110156366661e-19 -6.070154546845365219e-19
3.359818286283781079e-06 -3.462816404375090719e-22 -3.463722846845348723e-21 -3.472820986304471329e-20 -3.277394397030337114e-19 -5.869549776995177846e-19 -5.887755870865800657e-19
3.518567725739266421e-06 -3.219601305358579177e-22 -3.220407686339405521e-21 -3.228500697942024428e-20 -3.076393083627964725e-19 -5.683096079031474206e-19 -5.702119959725945566e-19
3.684817982911676459e-06 -2.988493551367567195e-22 -2.989209688734725203e-21 -2.996396163824694265e-20 -2.880072709713129338e-19 -5.493940852224409478e-19 -5.513820123689318855e-19
3.858923467029898692e-06 -2.769293638379697207e-22 -2.769928522747719917e-21 -2.776298806700448254e-20 -2.689186682048388221e-19 -5.302763987091568814e-19 -5.323527393762773082e-19
4.041255332950600432e-06 -2.561905128718639705e-22 -2.562467007940482379e-21 -2.568104018662700519e-20 -2.504536397693495424e-19 -5.110333836637706217e-19 -5.132013559188595676e-19
4.232202272379279849e-06 -2.365985752870890278e-22 -2.366482148524707079e-21 -2.371461521350499852e-20 -2.326609732631216852e-19 -4.916904283098381495e-19 -4.939535369463264038e-19
4.432171342476085151e-06 -2.181403840764585311e-22 -2.181841627993522943e-21 -2.186232502206927569e-20 -2.156034559456076105e-19 -4.723406222314362106e-19 -4.747027070078231796e-19
4.641588833612772641e-06 -2.007924137751145382e-22 -2.008309577485109268e-21 -2.012174911437023994e-20 -1.993253117187251048e-19 -4.530604159955214125e-19 -4.555250601864981257e-19
4.860901178130630429e-06 -1.845088430737401819e-22 -1.845427186959487269e-21 -1.848823928027896187e-20 -1.838400415930267082e-19 -4.338661753784092640e-19 -4.364364458193970871e-19
5.090575902036686748e-06 -1.692530276734147098e-22 -1.692827471175404034e-21 -1.695807103859974366e-20 -1.691628235835688660e-19 -4.148146084274098888e-19 -4.174933084598113022e-19
5.331102621667033110e-06 -1.549901399374453705e-22 -1.550161659822003115e-21 -1.552770692040481465e-20 -1.553036601469669739e-19 -3.959740134009038409e-19 -3.987659817273608561e-19
5.582994087441914025e-06 -1.416789130618567743e-22 -1.417016629657793888e-21 -1.419296984162554949e-20 -1.422594926728564501e-19 -3.773694208317748707e-19 -3.802768528961855502e-19
5.846787276937589747e-06 -1.292888681156606407e-22 -1.293087186552332087e-21 -1.295076709109721643e-20 -1.300321931776082910e-19 -3.590690679535808220e-19 -3.620951364481728689e-19
6.123044539605190181e-06 -1.177932026352938576e-22 -1.178104941012146477e-21 -1.179837804008906072e-20 -1.186218778942608451e-19 -3.411497712475162137e-19 -3.442975952064827769e-19
6.412354795576916926e-06 -1.071537015582343833e-22 -1.071687393737184495e-21 -1.073194261178518580e-20 -1.080120483945513386e-19 -3.236521787337021559e-19 -3.269246498737088223e-19
6.715334791115135066e-06 -9.734082771304990777e-23 -9.735388658923025025e-22 -9.748473121624142975e-21 -9.819054563923454092e-20 -3.066429310095695300e-19 -3.100422705706212489e-19
7.032630413380643383e-06 -8.831787812511539027e-23 -8.832920381030554949e-22 -8.844267253508221702e-21 -8.913398210859829102e-20 -2.901660028170799176e-19 -2.936929765424865528e-19
7.364918067322972807e-06 -8.005247664176604193e-23 -8.006228876555615933e-22 -8.016058525262464417e-21 -8.081993381819711606e-20 -2.742922548841288581e-19 -2.779500432698240840e-19
7.712906117627992285e-06 -7.250423291698750896e-23 -7.251272684863963816e-22 -7.259781098902426127e-21 -7.321506566812066941e-20 -2.590374565384178601e-19 -2.628267094513011787e-19
8.077336398796702933e-06 -6.562947086379292409e-23 -6.563681925971168228e-22 -6.571042281044577768e-21 -6.628033535051903622e-20 -2.444256681273137445e-19 -2.483467494487811885e-19
8.458985796574300582e-06 -5.938948319253867126e-23 -5.939583855166786194e-22 -5.945949084473221002e-21 -5.998006363579837182e-20 -2.304962561725929989e-19 -2.345488868801243384e-19
8.858667904100831677e-06 -5.373430262215178646e-23 -5.373979848350854525e-22 -5.379483852588843298e-21 -5.426614079240385298e-20 -2.172178885349169729e-19 -2.214005665081333087e-19
9.277234756314059659e-06 -4.861878819868331320e-23 -4.862354113945770888e-22 -4.867113770701423683e-21 -4.909464883818723277e-20 -2.045906601206422706e-19 -2.089014719074815745e-19
9.715578646301848271e-06 -4.399747656961492248e-23 -4.400158796813989587e-22 -4.404275733364576081e-21 -4.442088993231594585e-20 -1.925984368434410275e-19 -1.970324098592483632e-19
1.017463402747606369e-05 -3.981946544755170967e-23 -3.982302264508157885e-22 -3.985864027527054949e-21 -4.019432222374150530e-20 -1.811848491788979030e-19 -1.857394996571170640e-19
1.065537950562306405e-05 -3.603519111307870848e-23 -3.603826894628308060e-22 -3.606908489859943308e-21 -3.636550164510367880e-20 -1.702909360059443085e-19 -1.749593180958220355e-19
1.115883992507748116e-05 -3.259458355301550450e-23 -3.259724561796189788e-22 -3.262389724016148578e-21 -3.288429259531068842e-20 -1.598454335110299313e-19 -1.646194450526696412e-19
1.168608855346649672e-05 -2.944420460092981561e-23 -2.944650439319166333e-22 -2.946952777598835095e-21 -2.969706205972499444e-20 -1.497278325315812564e-19 -1.545978374575520187e-19
1.223824936968192402e-05 -2.654452832657995234e-23 -2.654651123933063734e-22 -2.656636124745448306e-21 -2.676409942772463014e-20 -1.398846573708759422e-19 -1.448397555948279473e-19
1.281649945995759687e-05 -2.386204388973850019e-23 -2.386374884538565541e-22 -2.388081547529306955e-21 -2.405170837955458523e-20 -1.302387124980569607e-19 -1.352644806411369466e-19
1.342207152716012009e-05 -2.137667724606868316e-23 -2.137813820801608699e-22 -2.139276173774226125e-21 -2.153964417333027310e-20 -1.207806376344229196e-19 -1.258612172573974571e-19
1.405625651864213528e-05 -1.907593415924229969e-23 -1.907718124678341403e-22 -1.908966341014259573e-21 -1.921524191945570302e-20 -1.115184269529892775e-19 -1.166369381250202573e-19
1.472040637826001346e-05 -1.695001608399028597e-23 -1.695107612205268962e-22 -1.696168562273730078e-21 -1.706849838589121552e-20 -1.024686135984500257e-19 -1.076023422713864807e-19
1.541593692842273486e-05 -1.499051704999761363e-23 -1.499141389658361292e-22 -1.500038969559645674e-21 -1.509076956758013770e-20 -9.366228537687077040e-20 -9.879095235562763286e-20
1.614433088831601781e-05 -1.318745402499008236e-23 -1.318820883764561581e-22 -1.319576282914757509e-21 -1.327181828223038228e-20 -8.510948329367307948e-20 -9.020621996892578697e-20
1.690714103473578265e-05 -1.153361790211872499e-23 -1.153424949258416875e-22 -1.154057006029651510e-21 -1.160419388222588859e-20 -7.684042684094032288e-20 -8.187863793446412136e-20
1.770599351226897927e-05 -1.002092959333363457e-23 -1.002145461372326001e-22 -1.002670850061652880e-21 -1.007958235420543773e-20 -6.887803981979115423e-20 -7.382995812990540420e-20
1.854259129987854344e-05 -8.642415192528917093e-24 -8.642848422406101567e-23 -8.647183608767689872e-22 -8.690801205579470349e-21 -6.124540466875684614e-20 -6.607973993151801114e-20
1.941871784128254978e-05 -7.392220241480491673e-24 -7.392574787434522347e-23 -7.396122492427664607e-22 -7.431808246736235602e-21 -5.397579401267529167e-20 -5.866260074964834722e-20
2.033624084686670141e-05 -6.264951882726545958e-24 -6.265239371244095794e-23 -6.268115986683613498e-22 -6.297044332472195600e-21 -4.710133911128723353e-20 -5.161058803819782493e-20
2.129711627523478106e-05 -5.256016419303280367e-24 -5.256247177989913824e-23 -5.258556084893602742e-22 -5.281769809248082410e-21 -4.065761457509207588e-20 -4.495872817606362604e-20
2.230339250288498415e-05 -4.361293372560701346e-24 -4.361476561787642198e-23 -4.363309450301818165e-22 -4.381733019241793205e-21 -3.468293574082798431e-20 -3.874868381879461621e-20
2.335721469090121287e-05 -3.576656412691253119e-24 -3.576800135770997251e-23 -3.578238109842391343e-22 -3.592688897581775998e-21 -2.921432107981139509e-20 -3.301958805848128802e-20
2.446082935796795553e-05 -2.896364822070128536e-24 -2.896476158067494151e-23 -2.897590065774664142e-22 -2.908781765761204511e-21 -2.427424828323495039e-20 -2.779949238697888933e-20
2.561658916945727039e-05 -2.314426936472151670e-24 -2.314512039054845819e-23 -2.315363463341117388e-22 -2.323916156919247944e-21 -1.987925940267860951e-20 -2.310797583805206493e-20
2.682695795279727390e-05 -1.823209143800827891e-24 -1.823273266040471283e-23 -1.823914774329934012e-22 -1.830357543682757608e-21 -1.602851200621926001e-20 -1.895149661947699009e-20
2.809451594981406076e-05 -1.414809294006269899e-24 -1.414856881823918190e-23 -1.415332962200054517e-22 -1.420113393958495213e-21 -1.271210671384433012e-20 -1.532647949279027859e-20
2.942196531724370999e-05 -1.080565815662189289e-24 -1.080600570863561354e-23 -1.080948263759572328e-22 -1.084438879743285282e-21 -9.906076881826199438e-21 -1.221571845448895371e-20
3.081213588714002343e-05 -8.123154881129916457e-25 -8.123404670033641076e-24 -8.125903526378239924e-23 -8.150985981192959657e-22 -7.583660084516005717e-21 -9.601496623701208532e-21
3.226799119945811777e-05 -6.015717255314883388e-25 -6.015894073833736378e-24 -6.017662914375328994e-23 -6.035414772190115997e-22 -5.706879583771952253e-21 -7.451326924289525833e-21
3.379263481967431025e-05 -4.398643064096971095e-25 -4.398766608751404968e-24 -4.400002494559315670e-23 -4.412403712867759784e-22 -4.230036654861760632e-21 -5.726063386287401326e-21
3.538931695490984427e-05 -3.186822562958899112e-25 -3.186908070985962517e-24 -3.187763443758949390e-23 -3.196345230070867954e-22 -3.098508294868349622e-21 -4.374892505155776854e-21
3.706144138266228167e-05 -2.300621432875360419e-25 -2.300680382345329772e-24 -2.301270071732028794e-23 -2.307185526419376861e-22 -2.255274545406510349e-21 -3.344583394338457644e-21
3.881257270691540028e-05 -1.668728136560511757e-25 -1.668768958362563900e-24 -1.669177307020193387e-23 -1.673273167438486837e-22 -1.644757249044203796e-21 -2.579038086789403325e-21
4.064644395709627488e-05 -1.230166421264508352e-25 -1.230195146322741999e-24 -1.230482486237094783e-23 -1.233364295783529437e-22 -1.216259309802261584e-21 -2.027194050754399144e-21
4.256696454607866731e-05 -9.349957262368315962e-26 -9.350165712945993887e-25 -9.352250849102662502e-24 -9.373161296093644883e-23 -9.260564758889266569e-22 -1.642492398173598801e-21
4.457822860419706766e-05 -7.402245744685113922e-26 -7.402403404670781141e-25 -7.403980467036552535e-24 -7.419794359926927224e-23 -7.343358566695528633e-22 -1.381289983961850214e-21
4.668452370703794340e-05 -6.110851496626828263e-26 -6.110975939769049464e-25 -6.112220723613383153e-24 -6.124701559093337082e-23 -6.075883286796060721e-22 -1.203841536581087558e-21
4.889034001561442681e-05 -5.216879922079904999e-26 -5.216981590429040709e-25 -5.217998550496468226e-24 -5.228194121493651361e-23 -5.201732016490815012e-22 -1.077952051909261303e-21
5.120037984840882130e-05 -4.551075059755406253e-26 -4.551159969947897749e-25 -4.552009292870539334e-24 -4.560523356683926511e-23 -4.551331050530185204e-22 -9.822076246213793029e-22
5.361956770568816679e-05 -4.000624491805680298e-26 -4.000695968350341146e-25 -4.001410911487137666e-24 -4.008577165280688993e-23 -4.011445140225416548e-22 -8.999486228834631121e-22
5.615306076746278064e-05 -3.518093037821691434e-26 -3.518153245345938341e-25 -3.518755463516222143e-24 -3.524791231875933233e-23 -3.535325122093382630e-22 -8.244409442291994396e-22
5.880625988746757024e-05 -3.091830497254215675e-26 -3.091881174210679407e-25 -3.092388058621422269e-24 -3.097467862548123067e-23 -3.112484558764351288e-22 -7.548626493493692929e-22
6.158482110660255002e-05 -2.717109147940368114e-26 -2.717151802390324699e-25 -2.717578439127011251e-24 -2.721853642142950449e-23 -2.739165926311781495e-22 -6.908270900334337313e-22
6.449466771037620305e-05 -2.382866724917128654e-26 -2.382902561127472686e-25 -2.383260997177795732e-24 -2.386852467352238159e-23 -2.404885016820034476e-22 -6.308703721967590903e-22
6.754200285605593888e-05 -2.089341600205309507e-26 -2.089371689238661108e-25 -2.089672638771370659e-24 -2.092687846380321895e-23 -2.110439431191435271e-22 -5.760342528524914167e-22
7.073332279644438836e-05 -1.828683159002861407e-26 -1.828708374625799493e-25 -1.828960578137724026e-24 -1.831487191907452823e-23 -1.848283200131704120e-22 -5.248955099021356623e-22
7.407543072847155114e-05 -1.597619405981160387e-26 -1.597640508382882229e-25 -1.597851570114674169e-24 -1.599965852933967509e-23 -1.615416759403024286e-22 -4.772855170078917852e-22
7.757545129612413001e-05 -1.394623097586439887e-26 -1.394640738025987746e-25 -1.394817172447804616e-24 -1.396584445669629752e-23 -1.410489101407773843e-22 -4.335393663899139401e-22
8.124084577862973730e-05 -1.214486856719565321e-26 -1.214501566688423345e-25 -1.214648690209359068e-24 -1.216122259141426198e-23 -1.228389422005127275e-22 -3.927461751339040265e-22
8.507942799627443795e-05 -1.054750032533979559e-26 -1.054762265729791052e-25 -1.054884616545602879e-24 -1.056109978510892478e-23 -1.066741576328239389e-22 -3.547590697330337224e-22
8.909938096776098154e-05 -9.139365011097187705e-27 -9.139466537150940365e-26 -9.140481946517698704e-25 -9.150650733003088600e-24 -9.241469719606456117e-23 -3.195058899776078806e-22
9.330927435461663184e-05 -7.881711192504856924e-27 -7.881795080303016641e-26 -7.882634075229807711e-25 -7.891035619419449380e-24 -7.967518970561034954e-23 -2.862350568567759593e-22
9.771808272983909449e-05 -6.754047945632510332e-27 -6.754116861493022566e-26 -6.754806111483094164e-25 -6.761707712791290480e-24 -6.825328580326468003e-23 -2.546222150086200369e-22
1.023352047097257487e-04 -5.760198436127697396e-27 -5.760254803330450621e-26 -5.760818546464895626e-25 -5.766463092571579480e-24 -5.818935749946313267e-23 -2.253372277774531981e-22
1.071704829896709280e-04 -4.874644927914962880e-27 -4.874690699152801374e-26 -4.875148466489757471e-25 -4.879731665877767429e-24 -4.922579343583865122e-23 -1.978103608993305465e-22
1.122342253266417274e-04 -4.092331477511692532e-27 -4.092368360175183068e-26 -4.092737229001589271e-25 -4.096430180147639899e-24 -4.131098031463462689e-23 -1.722727305950272139e-22
1.175372265130636732e-04 -3.401002846342252405e-27 -3.401032298629434489e-26 -3.401326853661353182e-25 -3.404275668425497684e-24 -3.432045991657322724e-23 -1.484583847219999266e-22
1.230907913889601850e-04 -2.793120819108192810e-27 -2.793144084814131309e-26 -2.793376766188661167e-25 -2.795706058460766325e-24 -2.817692260267553269e-23 -1.264297769105596601e-22
1.289067589414024284e-04 -2.265538185978352750e-27 -2.265556363210767508e-26 -2.265738153787773779e-25 -2.267557926327006797e-24 -2.284759841438840772e-23 -1.063392945025749278e-22
1.349975275426429605e-04 -1.810394036349655934e-27 -1.810408056431537674e-26 -1.810548270855039523e-25 -1.811951808916881283e-24 -1.825226506419171617e-23 -8.811713181171171246e-23
1.413760813807361306e-04 -1.431050150210991872e-27 -1.431060870958056546e-26 -1.431168088541882799e-25 -1.432241300688766509e-24 -1.442391255742667586e-23 -7.221317969790941576e-23
1.480560181389909942e-04 -1.123058596461510726e-27 -1.123066755499498497e-26 -1.123148353409922989e-25 -1.123965102833805250e-24 -1.131686406264912240e-23 -5.872057582021665833e-23
1.550515779832622066e-04 -8.852005218756616780e-28 -8.852067689734079712e-27 -8.852692456062880151e-26 -8.858945895693233936e-25 -8.918059830941376734e-24 -4.788939470127126255e-23
1.623776739188721036e-04 -7.064625007401174939e-28 -7.064673466940904006e-27 -7.065158105369987036e-26 -7.070008879646014365e-25 -7.115895324166372741e-24 -3.946991523160686180e-23
1.700499235818794027e-04 -5.660984071040167707e-28 -5.661021853868975038e-27 -5.661399715155574269e-26 -5.665181689005412178e-25 -5.700990484876713631e-24 -3.263217642841730324e-23
1.780846825324681093e-04 -4.572314287769929446e-28 -4.572343985728332004e-27 -4.572640990811634692e-26 -4.575613637449161029e-25 -4.603795913421415042e-24 -2.717710408337226480e-23
1.864990791214294241e-04 -3.747544184839983944e-28 -3.747567840856684442e-27 -3.747804420943669178e-26 -3.750172251070970970e-25 -3.772663914753950080e-24 -2.295835759948140959e-23
1.953110510040631021e-04 -3.135463902102971344e-28 -3.135483079975091338e-27 -3.135674874428197534e-26 -3.137594427793250080e-25 -3.155877468333054697e-24 -1.979330383038517248e-23
2.045393833793390456e-04 -2.683822830410129844e-28 -2.683838672157900196e-27 -2.683997102177638298e-26 -2.685582694854090968e-25 -2.700736238104958820e-24 -1.745598077527091982e-23
2.142037490358383140e-04 -2.340258809053940589e-28 -2.340272091366181147e-27 -2.340404924565871854e-26 -2.341734305379916806e-25 -2.354486444651123198e-24 -1.567986954736224866e-23
2.243247502898415699e-04 -2.057369090028757897e-28 -2.057380297388461575e-27 -2.057492379084699057e-26 -2.058614050664440319e-25 -2.069411660023169054e-24 -1.419135521567339794e-23
2.349239629049657777e-04 -1.811032251407783623e-28 -1.811041715831954476e-27 -1.811136366595900995e-26 -1.812083570703989285e-25 -1.821229920594125249e-24 -1.284892717121026264e-23
2.460239820869777666e-04 -1.593278399455781030e-28 -1.593286386749094023e-27 -1.593366264913293584e-26 -1.594165613912791685e-25 -1.601904778545191788e-24 -1.161409158852514955e-23
2.576484706518374600e-04 -1.400376794384510803e-28 -1.400383528730832150e-27 -1.400450876391310893e-26 -1.401124814797257551e-25 -1.407664596664291566e-24 -1.047560745584630491e-23
2.698222094696533396e-04 -1.229645208961607131e-28 -1.229650881605552829e-27 -1.229707611400689727e-26 -1.230275284947943646e-25 -1.235794573935466014e-24 -9.427987376335789296e-24
2.825711502920826685e-04 -1.078730872032414737e-28 -1.078735646133896063e-27 -1.078783389833032707e-26 -1.079261132161168787e-25 -1.083913759084819696e-24 -8.466449468504653678e-24
2.959224710757957255e-04 -9.455685865015036179e-29 -9.455726012433449308e-28 -9.456127508032052262e-27 -9.460144945147538176e-26 -9.499325787226076110e-25 -7.586929298788145223e-24
3.099046339199426950e-04 -8.282363291560022082e-29 -8.282397029470543546e-28 -8.282734425537501154e-27 -8.286110400652794601e-26 -8.319076139788934295e-25 -6.784844162247051445e-24
3.245474457411325433e-04 -7.249685410262672297e-29 -7.249713743653865953e-28 -7.249997091100206730e-27 -7.252832201375133016e-26 -7.280546673821262701e-25 -6.055338759907120420e-24
3.398821218152667050e-04 -6.342425343253915704e-29 -6.342449125660020902e-28 -6.342686960351867947e-27 -6.345066634874984020e-26 -6.368351653153953807e-25 -5.394352473950761737e-24
3.559413523216862292e-04 -5.546022018619305888e-29 -5.546041971719891483e-28 -5.546241511165299666e-27 -5.548237983170546018e-26 -5.567790593237531808e-25 -4.796944461475831628e-24
3.727593720314937870e-04 -4.847826852899899264e-29 -4.847843587139216728e-28 -4.848010936099318649e-27 -4.849685300113398800e-26 -4.866096666711298523e-25 -4.258726218484836120e-24
3.903720332886084646e-04 -4.236528541021471426e-29 -4.236542572007439357e-28 -4.236682887001770855e-27 -4.238086746261997926e-26 -4.251857275302758692e-25 -3.775415426413941674e-24
4.088168824391289272e-04 -3.701571400562922819e-29 -3.701583162395740957e-28 -3.701700784687422260e-27 -3.702877583364783390e-26 -3.714429297295507308e-25 -3.342365424703849836e-24
4.281332398719395606e-04 -3.233878879509954079e-29 -3.233888737869274040e-28 -3.233987324512369126e-27 -3.234973658093648863e-26 -3.244662577809082108e-25 -2.955455544557111834e-24
4.483622838411905698e-04 -2.825310215157904586e-29 -2.825318477610101011e-28 -2.825401104426859915e-27 -2.826227751940283541e-26 -2.834353675638265718e-25 -2.610639181157982306e-24
4.695471382493421049e-04 -2.468421199232548112e-29 -2.468428123889615185e-28 -2.468497372179730430e-27 -2.469190162752656987e-26 -2.476004923163651167e-25 -2.303832772026129358e-24
4.917329645779015346e-04 -2.156535789510514374e-29 -2.156541592531385557e-28 -2.156599623989226404e-27 -2.157180188704910052e-26 -2.162894861090003445e-25 -2.031101871134622397e-24
5.149670581618343620e-04 -1.884170293753738551e-29 -1.884175156804202596e-28 -1.884223788201450902e-27 -1.884710305066749613e-26 -1.889502422865130635e-25 -1.789196636053958051e-24
5.392989490128869507e-04 -1.646166382842541515e-29 -1.646170457980817375e-28 -1.646211209967648644e-27 -1.646618894730648180e-26 -1.650637165423504935e-25 -1.574756072396319274e-24
5.647805074067546033e-04 -1.438183893303098976e-29 -1.438187308012047694e-28 -1.438221455480648482e-27 -1.438563063980576617e-26 -1.441932245547065781e-25 -1.384887559831644063e-24
5.914660544591746017e-04 -1.256554503052848470e-29 -1.256557364437933057e-28 -1.256585978502999548e-27 -1.256872228105264633e-26 -1.259697220649146179e-25 -1.217088523213004015e-24
6.194124779266759482e-04 -1.097600090043594739e-29 -1.097602487361575554e-28 -1.097626460626660625e-27 -1.097866281793187867e-26 -1.100234551786530484e-25 -1.068609691148721935e-24
6.486793534788507778e-04 -9.586219050544388576e-30 -9.586239134024853032e-29 -9.586439968718672820e-28 -9.588449033522388531e-27 -9.608301007361567700e-26 -9.375067827325063151e-25
6.793290717006688403e-04 -8.370173185496372506e-30 -8.370190007935198439e-29 -8.370358231464540059e-28 -8.372041052081838565e-27 -8.388679273555751993e-26 -8.217742933979606401e-25
7.114269710955731241e-04 -7.304506730154825360e-30 -7.304520816838244887e-29 -7.304661682447130100e-28 -7.306070812811408086e-27 -7.320011154832048097e-26 -7.195475896083693871e-25
7.450414773728916478e-04 -6.372587963017886989e-30 -6.372599757586962861e-29 -6.372717701706194281e-28 -6.373897530844860625e-27 -6.385576059631975854e-26 -6.295378159152532088e-25
7.802442493165044320e-04 -5.557066069217631847e-30 -5.557075942978744665e-29 -5.557174678851025295e-28 -5.558162351177152014e-27 -5.567944261052059213e-26 -5.502956482815738679e-25
8.171103315457186288e-04 -4.844748182771852854e-30 -4.844756448650918760e-29 -4.844839105643614746e-28 -4.845665931742204802e-27 -4.853859267522375767e-26 -4.807259583760363358e-25
8.557183144940001731e-04 -4.223220902506354499e-30 -4.223227823261402750e-29 -4.223297029061904843e-28 -4.223989295769782981e-27 -4.230852889153059393e-26 -4.197598129707663292e-25
8.961505019466050118e-04 -3.680101655589661218e-30 -3.680107450207547424e-29 -3.680165394703918677e-28 -3.680745009480458866e-27 -3.686494690133506408e-26 -3.662876097664250499e-25
9.384930864942720189e-04 -3.206973903822091509e-30 -3.206978757152315828e-29 -3.207027288868328117e-28 -3.207512744238276531e-27 -3.212330849018799310e-26 -3.195660756908344041e-25
9.828363332770010015e-04 -2.794523441270274665e-30 -2.794527507463771392e-29 -2.794568168003040266e-28 -2.794974886511421485e-27 -2.799013548943806207e-26 -2.787341162252454188e-25
1.029274772409607790e-03 -2.435514453940360273e-30 -2.435517862335761198e-29 -2.435551944995655287e-28 -2.435892863322622089e-27 -2.439279808842739789e-26 -2.431204142535005120e-25
1.077907400499273629e-03 -2.123421533193901348e-30 -2.123424392104195162e-29 -2.123452980134285946e-28 -2.123738935778890333e-27 -2.126581201126028040e-26 -2.121099334991324823e-25
1.128837891684688266e-03 -1.850662490275790566e-30 -1.850664888843504842e-29 -1.850688873597940324e-28 -1.850928782227679455e-27 -1.853314484301553323e-26 -1.849694702369255127e-25
1.182174818646669796e-03 -1.612827298179464236e-30 -1.612829311488374515e-29 -1.612849443837496231e-28 -1.613050817374312655e-27 -1.615054228056085306e-26 -1.612777186257104967e-25
1.238031884061396902e-03 -1.405822383725663644e-30 -1.405824074834342211e-29 -1.405840985346534528e-28 -1.406010131416187238e-27 -1.407693665525206095e-26 -1.406389156765919438e-25
1.296528162989668987e-03 -1.226160025414735415e-30 -1.226161447336260265e-29 -1.226175666136004690e-28 -1.226317887660428994e-27 -1.227734048935528092e-26 -1.227137854878158341e-25
1.357788356718927581e-03 -1.070717037271894729e-30 -1.070718234507305325e-29 -1.070730206590261889e-28 -1.070849954688630680e-27 -1.072042843223671420e-26 -1.071964705154414695e-25
1.421943058599164532e-03 -9.355440723669043200e-31 -9.355450814580648876e-30 -9.355551722363389058e-29 -9.356561027699221201e-28 -9.366619392127319125e-27 -9.369554178061490272e-26
1.489129032439408641e-03 -8.183260339950079600e-31 -8.183268856563813936e-30 -8.183354022454842945e-29 -8.184205860913526903e-28 -8.192698355377127459e-27 -8.198269760495379565e-26
1.559489504058283234e-03 -7.165206255561780298e-31 -7.165213452800986392e-30 -7.165285426108912252e-29 -7.166005311220539051e-28 -7.173184917767067260e-27 -7.180558416422447406e-26
1.633174466610166778e-03 -6.278916094262347310e-31 -6.278922183695731520e-30 -6.278983079803694965e-29 -6.279592163764324226e-28 -6.285668905618576389e-27 -6.294193027017323133e-26
1.710341000337837819e-03 -5.509776387142491989e-31 -5.509781547028722940e-30 -5.509833148537853404e-29 -5.510349265308816662e-28 -5.515500212888359819e-27 -5.524692664104819437e-26
1.791153607433230207e-03 -4.838689762248424712e-31 -4.838694139468779089e-30 -4.838737914952063105e-29 -4.839175753607235191e-28 -4.843546858867483032e-27 -4.853021646736509132e-26
1.875784562720161181e-03 -4.254301896731516865e-31 -4.254305615004821401e-30 -4.254342801615744677e-29 -4.254714736469395622e-28 -4.258428997194855579e-27 -4.267904985165744399e-26
1.964414280906626783e-03 -3.744597734390319812e-31 -3.744600896938441149e-30 -3.744632526728317643e-29 -3.744948880072170917e-28 -3.748108966778843990e-27 -3.757376459220721665e-26
2.057231701189553112e-03 -3.298271535800953580e-31 -3.298274228400083283e-30 -3.298301159203983569e-29 -3.298570512712204038e-28 -3.301261788918343306e-27 -3.310164461765422003e-26
2.154434690031882104e-03 -2.908516610212307991e-31 -2.908518905548123906e-30 -2.908541863857610871e-29 -2.908771485109464481e-28 -2.911066302507910339e-27 -2.919504760878823508e-26
2.256230462970635047e-03 -2.566119504280061978e-31 -2.566121462572609084e-30 -2.566141050766210081e-29 -2.566336963916190843e-28 -2.568295313448895587e-27 -2.576200311805423736e-26
2.362836026355175090e-03 -2.265526589464285410e-31 -2.265528261664933516e-30 -2.265544989020059826e-29 -2.265712287730957762e-28 -2.267384927532039016e-27 -2.274721038855544471e-26
2.474478639957347539e-03 -2.001275885674186302e-31 -2.001277314666177793e-30 -2.001291610044674161e-29 -2.001434584933238090e-28 -2.002864273692889976e-27 -2.009618597785062459e-26
2.591396301439657240e-03 -1.767910873549576416e-31 -1.767912095226939759e-30 -1.767924317424076913e-29 -1.768046556538978424e-28 -1.769269075681411895e-27 -1.775442554404625394e-26
2.713838253714280155e-03 -1.562280631493111561e-31 -1.562281676484214496e-30 -1.562292131795420716e-29 -1.562396699042049481e-28 -1.563442614461420168e-27 -1.569051786237637099e-26
2.842065516274510945e-03 -1.380138861303623776e-31 -1.380139755274158609e-30 -1.380148700247698833e-29 -1.380238161921344450e-28 -1.381133090221548695e-27 -1.386200163301276840e-26
2.976351441631313027e-03 -1.218809378566166067e-31 -1.218810143381833499e-30 -1.218817796776107404e-29 -1.218894338717244083e-28 -1.219660096936998873e-27 -1.224214201447608953e-26
3.116982298041143327e-03 -1.075815097160162514e-31 -1.075815751418375732e-30 -1.075822298987407168e-29 -1.075887784239442573e-28 -1.076542967228350348e-27 -1.080617069527823031e-26
3.264257879767323671e-03 -9.486038379292036481e-32 -9.486043973725167197e-31 -9.486099966851459442e-30 -9.486659944021043458e-29 -9.492263015780324310e-28 -9.528542111146702814e-27
3.418492146175927237e-03 -8.356685088750935226e-32 -8.356689870280413607e-31 -8.356737731385059704e-30 -8.357216403629296674e-29 -8.362006128326941213e-28 -8.394180585462598384e-27
3.580013891028572919e-03 -7.350571272276913991e-32 -7.350575355759663541e-31 -7.350616234768117486e-30 -7.351025059864334763e-29 -7.355116076537868221e-28 -7.383531615001769111e-27
3.749167443398885614e-03 -6.454658485900538113e-32 -6.454661969912975416e-31 -6.454696851263746152e-30 -6.455045702095860670e-29 -6.458536653640592436e-28 -6.483533526420116316e-27
3.926313401706839519e-03 -5.657541850440676648e-32 -5.657544819747542869e-31 -5.657574551740979338e-30 -5.657871898844831922e-29 -5.660847517182891195e-28 -5.682754132652316722e-27
4.111829402435828590e-03 -4.947046097924137193e-32 -4.947048625002092237e-31 -4.947073932110677587e-30 -4.947327022773710398e-29 -4.949859824126543066e-28 -4.968983956362647022e-27
4.306110925171164651e-03 -4.315294441428024809e-32 -4.315296588936655981e-31 -4.315318097941117952e-30 -4.315533211808768150e-29 -4.317685900242994021e-28 -4.334319798699521719e-27
4.509572135676144684e-03 -3.754250430172196637e-32 -3.754252252172309277e-31 -3.754270502894104972e-30 -3.754453019254589478e-29 -3.756279605198893099e-28 -3.770695287191734400e-27
4.722646768802954073e-03 -3.257115046421598176e-32 -3.257116589501352201e-31 -3.257132048883868467e-30 -3.257286657816217018e-29 -3.258833877188681349e-28 -3.271283311216063757e-27
4.945789053120639746e-03 -2.817716891105198302e-32 -2.817718195585637614e-31 -2.817731266209037436e-30 -2.817861979484169376e-29 -2.819170101503518515e-28 -2.829884575561458767e-27
5.179474679231202416e-03 -2.430200282470288902e-32 -2.430201383045426442e-31 -2.430212412316284926e-30 -2.430322713828834740e-29 -2.431426534373335286e-28 -2.440616446903027856e-27
5.424201813838023904e-03 -2.089497655399716209e-32 -2.089498582059900752e-31 -2.089507869620781473e-30 -2.089600750344217129e-29 -2.090530244857173507e-28 -2.098386239761495332e-27
5.680492161728428920e-03 -1.790774844131494447e-32 -1.790775622671407080e-31 -1.790783426873825868e-30 -1.790861474117108782e-29 -1.791642508224158942e-28 -1.798335961197021221e-27
5.948892077934330759e-03 -1.529757226319012922e-32 -1.529757878972662097e-31 -1.529764422398344429e-30 -1.529829860271041373e-29 -1.530484704274396571e-28 -1.536169108249009873e-27
6.229973732441834375e-03 -1.302458504626921249e-32 -1.302459050526277652e-31 -1.302464524197917252e-30 -1.302519264048109496e-29 -1.303067046135780770e-28 -1.307879015048490091e-27
6.524336329932621525e-03 -1.105290041519001939e-32 -1.105290497078893596e-31 -1.105295065713705338e-30 -1.105340754524726583e-29 -1.105797958572060136e-28 -1.109858666869486883e-27
6.832607387157405184e-03 -9.349371320868574399e-33 -9.349375114079626372e-32 -9.349413158379915179e-31 -9.349793610710751680e-30 -9.353600756816649539e-29 -9.387763585893682269e-28
7.155444070664574406e-03 -7.883799813385272065e-33 -7.883802964645420642e-32 -7.883834575943371244e-31 -7.884150702866354264e-30 -7.887314100317869056e-29 -7.915971266896983559e-28
7.493534597735740724e-03 -6.628424265067230347e-33 -6.628426877427353715e-32 -6.628453085794120729e-31 -6.628715182328933147e-30 -6.631337837306545898e-29 -6.655309047260922792e-28
7.847599703514606187e-03 -5.557050522345081551e-33 -5.557052683301152300e-32 -5.557074365568502662e-31 -5.557291196606071210e-30 -5.559460938363232061e-29 -5.579457465962240835e-28
8.218394177456806587e-03 -4.645736432567476664e-33 -4.645738216272549318e-32 -4.645756115762300924e-31 -4.645935118242970118e-30 -4.647726246551471132e-29 -4.664361859241613387e-28
8.606708472376158395e-03 -3.873149239081036769e-33 -3.873150708224441303e-32 -3.873165453023571926e-31 -3.873312905095956871e-30 -3.874788361835984156e-29 -3.888590911873826777e-28
9.013370389517419770e-03 -3.220296860652070807e-33 -3.220298068120216530e-32 -3.220310187772987709e-31 -3.220431393660288810e-30 -3.221644159074152122e-29 -3.233065772277965941e-28
9.439246843247662763e-03 -2.670340762407426198e-33 -2.670341752683857255e-32 -2.670351693661249996e-31 -2.670451102507241019e-30 -2.671445812782424897e-29 -2.680872328851735042e-28
9.885245709128281238e-03 -2.208532314241213684e-33 -2.208533124650467391e-32 -2.208541260688116145e-31 -2.208622625242403289e-30 -2.209436746608215708e-29 -2.217196442634079203e-28
1.035231775930737716e-02 -1.821913850721528402e-33 -1.821914512518913567e-32 -1.821921157486558144e-31 -1.821987608758466182e-30 -1.822652507104694798e-29 -1.829023613834808757e-28
1.084145868935832736e-02 -1.499188330091846457e-33 -1.499188869383689392e-32 -1.499194284726069148e-31 -1.499248439547789263e-30 -1.499790292160286516e-29 -1.505007834069019975e-28
1.135371124088517709e-02 -1.230585689392502613e-33 -1.230586127912976986e-32 -1.230590531882185173e-31 -1.230634572964261002e-30 -1.231075230312202233e-29 -1.235337176447892013e-28
1.189016742441989863e-02 -1.007651681857042537e-33 -1.007652037687634694e-32 -1.007655611425528672e-31 -1.007691348330368563e-30 -1.008048925479053639e-29 -1.011521428712258287e-28
1.245197084735031809e-02 -8.231190744442055293e-34 -8.231193625396884868e-33 -8.231222565624152519e-32 -8.231511991857694854e-31 -8.234407622453932526e-30 -8.262628806731015229e-29
1.304031915184128941e-02 -6.707833694115341936e-34 -6.707836021786365940e-33 -6.707859404774453734e-32 -6.708093251584707440e-31 -6.710432909091186382e-30 -6.733310153531592304e-29
1.365646656794609545e-02 -5.453518632355735446e-34 -5.453520508984792296e-33 -5.453539361997374972e-32 -5.453727874616235966e-31 -5.455614080564429690e-30 -5.474112500191779880e-29
1.430172658735088045e-02 -4.423290668792261647e-34 -4.423292178287392989e-33 -4.423307345381225797e-32 -4.423459024867402198e-31 -4.424976628801140164e-30 -4.439896503588678560e-29
1.497747476345200057e-02 -3.579218046030819758e-34 -3.579219257625031249e-33 -3.579231432307701941e-32 -3.579353178606741272e-31 -3.580571189969472649e-30 -3.592574202035177187e-29
1.568515164373544477e-02 -2.889352110959140824e-34 -2.889353081171689535e-33 -2.889362831343995140e-32 -2.889460338318922938e-31 -2.890435912158253262e-30 -2.900067839453772158e-29
1.642626584070930318e-02 -2.326855864842711414e-34 -2.326856639988169817e-33 -2.326864430657136903e-32 -2.326942342380560624e-31 -2.327721774972520196e-30 -2.335431122895108330e-29
1.720239724793599240e-02 -1.869285804808075240e-34 -1.869286422634147667e-33 -1.869292632764516851e-32 -1.869354729711679923e-31 -1.869976010932048477e-30 -1.876130519635478326e-29
1.801520040802023770e-02 -1.497956026908001193e-34 -1.497956518120178176e-33 -1.497961455466916718e-32 -1.498010836873824454e-31 -1.498504874162678574e-30 -1.503405188908833528e-29
1.886640803973254482e-02 -1.197325284719538263e-34 -1.197325674280165511e-33 -1.197329590951237466e-32 -1.197368748275936572e-31 -1.197760619560518130e-30 -1.201651803636401491e-29
1.975783473178699401e-02 -9.545078060761049247e-35 -9.545081142189933309e-34 -9.545112121152836276e-33 -9.545421990817743578e-32 -9.548520763644874696e-31 -9.579333129882150213e-30
2.069138081114790112e-02 -7.588514815732772801e-35 -7.588517246443434875e-34 -7.588541690765202619e-33 -7.588786043526851659e-32 -7.591231033406320227e-31 -7.615560809896869391e-30
2.166903639411180832e-02 -6.015893859733869163e-35 -6.015895771462790557e-34 -6.015914994864380828e-33 -6.016107299190408049e-32 -6.018031189228983120e-31 -6.037185572748777086e-30
2.269288562880076437e-02 -4.755076880499902493e-35 -4.755078379864168902e-34 -4.755093461092402935e-33 -4.755244240597166436e-32 -4.756752869907010548e-31 -4.771786257449805945e-30
2.376511113811072967e-02 -3.746841310661209677e-35 -3.746842482798778342e-34 -3.746854272658215289e-33 -3.746972210538126110e-32 -3.748151777732318776e-31 -3.759913022155716508e-30
2.488799867258667184e-02 -2.942776341693455927e-35 -2.942777255099417000e-34 -2.942786445326595537e-33 -2.942878360065740086e-32 -2.943797511119384899e-31 -2.952968301649421304e-30
2.606394198314347307e-02 -2.303330236472188769e-35 -2.303330945812510878e-34 -2.303338080668389431e-33 -2.303409407913705064e-32 -2.304123995925809945e-31 -2.311250426448546272e-30
2.729544792402001721e-02 -1.796354403561647517e-35 -1.796354952547438947e-34 -1.796360477653545438e-33 -1.796415743519805300e-32 -1.796967651189391750e-31 -1.802484291027578978e-30
2.858514179684471315e-02 -1.395620731990925072e-35 -1.395621155172641418e-34 -1.395625412749644582e-33 -1.395667967072212726e-32 -1.396094274594300554e-31 -1.400349592744924101e-30
2.993577294720490417e-02 -1.079943116998282621e-35 -1.079943441959117569e-34 -1.079946712052915738e-33 -1.079979427683149462e-32 -1.080306436510560493e-31 -1.083575040660584577e-30
3.135022062565111928e-02 -8.321247020556450782e-36 -8.321249505578322271e-35 -8.321274514039978787e-34 -8.321524461510068956e-33 -8.324027600409518102e-32 -8.349033257679640006e-31
3.283150012563040149e-02 -6.383063374069246285e-36 -6.383065266904551422e-35 -6.383084313756043212e-34 -6.383274582293478343e-33 -6.385178021890994269e-32 -6.404222377588811285e-31
3.438276921143307296e-02 -4.873484537564341961e-36 -4.873485970598901873e-35 -4.873500414702013769e-34 -4.873645065373010339e-33 -4.875091550297221583e-32 -4.889532925131337096e-31
3.600733484985620125e-02 -3.702578137335218364e-36 -3.702579219265068774e-35 -3.702590114170773335e-34 -3.702699150689563713e-33 -3.703788639545063151e-32 -3.714685827756078592e-31
3.770866025993451637e-02 -2.798579209352439431e-36 -2.798580022276798186e-35 -2.798588204821698736e-34 -2.798669762144572274e-33 -2.799487564139142867e-32 -2.807671685289699040e-31
3.949037229576693453e-02 -2.104023003007926110e-36 -2.104023609988826659e-35 -2.104029721945395553e-34 -2.104090874591712270e-33 -2.104701966446169897e-32 -2.110817318859659457e-31
4.135626917817705750e-02 -1.573220568387096334e-36 -1.573221019795741573e-35 -1.573225561091644929e-34 -1.573270913190927246e-33 -1.573725271554853630e-32 -1.578272035782682149e-31
4.331032859169001159e-02 -1.169807109605949210e-36 -1.169807443172769427e-35 -1.169810802575302686e-34 -1.169844465771952846e-33 -1.170181082176556375e-32 -1.173544766969613604e-31
4.535671616408702006e-02 -8.650269144951949423e-37 -8.650271601206138839e-36 -8.650296373322625809e-35 -8.650543545560417937e-34 -8.653017934250092882e-33 -8.677776978598009380e-32
4.749979434661402711e-02 -6.361729132668959457e-37 -6.361730928488846038e-36 -6.361749053333395863e-35 -6.361931289141633969e-34 -6.363749268683399221e-33 -6.381888474270374067e-32
4.974413171377451565e-02 -4.654564277721390100e-37 -4.654565590734903992e-36 -4.654578830220718092e-35 -4.654710476233429268e-34 -4.656030104051141101e-33 -4.669255704108978197e-32
5.209451270253211835e-02 -3.389527505905594673e-37 -3.389528457441606546e-36 -3.389538079594510267e-35 -3.389634329956628529e-34 -3.390595708789156139e-33 -3.400203723833834519e-32
5.455594781168514318e-02 -2.458306507579900079e-37 -2.458307196030285726e-36 -2.458314146472707295e-35 -2.458384084754689472e-34 -2.459080918992536816e-33 -2.466034464411824398e-32
5.713368428315568348e-02 -1.777123000725854950e-37 -1.777123501206331806e-36 -1.777128439328936679e-35 -1.777177955699113727e-34 -1.777678076841544883e-33 -1.782695792430654910e-32
5.983321728796282130e-02 -1.281578307361866060e-37 -1.281578665091640288e-36 -1.281582352748061864e-35 -1.281618370833063248e-34 -1.281978979038595948e-33 -1.285594276547610259e-32
6.266030164072655673e-02 -9.227791184565918688e-38 -9.227793797597237042e-37 -9.227819420111353669e-36 -9.228068366369304098e-35 -9.230639639596066977e-34 -9.256643825149117876e-33
6.562096406767554957e-02 -6.637605525956256244e-38 -6.637607354606656582e-37 -6.637625956244771682e-36 -6.637824832266550143e-35 -6.639714211966577456e-34 -6.658404064821649368e-33
6.872151605431107979e-02 -4.770733095433350081e-38 -4.770734435214928121e-37 -4.770747936799928903e-36 -4.770877423412793781e-35 -4.772221475733691215e-34 -4.785665333818935281e-33
7.196856730011513825e-02 -3.426207053756649945e-38 -3.426208008224334342e-37 -3.426217604327056016e-36 -3.426316097175278390e-35 -3.427270951838915758e-34 -3.436901158093102004e-33
7.536903980898541910e-02 -2.458556042751045210e-38 -2.458556725820056196e-37 -2.458563934897218126e-36 -2.458631776681603780e-35 -2.459326630757929501e-34 -2.466256017159472868e-33
7.893018264543566476e-02 -1.763018927424491398e-38 -1.763019426944486117e-37 -1.763023873337987721e-36 -1.763072669340309897e-35 -1.763573441401361069e-34 -1.768520983484022088e-33
8.265958738801795769e-02 -1.263482671177019694e-38 -1.263483030097573975e-37 -1.263486650213037610e-36 -1.263518930284648450e-35 -1.263862571336654274e-34 -1.267410518399881656e-33
8.656520431290935791e-02 -9.049890148770841415e-39 -9.049892600470745662e-38 -9.049918498987004845e-37 -9.050202208055687798e-36 -9.052821421215779169e-35 -9.078298660568829716e-34
9.065535934216358005e-02 -6.479595215072824745e-39 -6.479596944772793008e-38 -6.479618011391402390e-37 -6.479820083755371911e-36 -6.481645395709128873e-35 -6.499904201613625344e-34
9.493877179275819755e-02 -4.637808591426672742e-39 -4.637809947558917163e-38 -4.637820409707585485e-37 -4.637933269658354592e-36 -4.639268771528882993e-35 -4.652283641003375261e-34
9.942457296427398283e-02 -3.319079927860351666e-39 -3.319080850879292002e-38 -3.319089660726087570e-37 -3.319181824255979237e-36 -3.320182979768382745e-35 -3.329539489402060992e-34
1.041223256048304374e-01 -2.375829208221580834e-39 -2.375829887526838591e-38 -2.375837836185731522e-37 -2.375901176780560373e-36 -2.376441790840362050e-35 -2.383106264385326041e-34
1.090420442967752618e-01 -1.700870446962605993e-39 -1.700870915585638849e-38 -1.700876332759734918e-37 -1.700929088100346157e-36 -1.701365563944644196e-35 -1.706147322027015499e-34
1.141942168055864737e-01 -1.217866169294536579e-39 -1.217866477626911062e-38 -1.217868427009596973e-37 -1.217903315224922143e-36 -1.218479716558965018e-35 -1.221987212782280690e-34
1.195898264374976872e-01 -8.734361408806763164e-40 -8.734364444128117425e-39 -8.734400415521097044e-38 -8.734658734724494141e-37 -8.733866383111830624e-36 -8.757187562881068906e-35
1.252403754535071911e-01 -6.256173340209912101e-40 -6.256174571074120152e-39 -6.256184826943113232e-38 -6.256347298361353182e-37 -6.260931736619545048e-36 -6.280059461316645961e-35
1.311579095896850122e-01 -4.497353150790782735e-40 -4.497354918212052666e-39 -4.497377022701855396e-38 -4.497400531412762812e-37 -4.496590384075025219e-36 -4.508190865790733707e-35
1.373550437360512300e-01 -3.226625477836226084e-40 -3.226625916444056058e-39 -3.226628966305661371e-38 -3.226839356327784728e-37 -3.229287543496397563e-36 -3.239109700659571788e-35
1.438449888287660072e-01 -2.322487055228458012e-40 -2.322487450320853458e-39 -2.322503174912522341e-38 -2.322646214106011872e-37 -2.323234171441645059e-36 -2.329820039314526643e-35
1.506415800129591032e-01 -1.672498507391365713e-40 -1.672499141015737395e-39 -1.672496527019859315e-38 -1.672517637426546985e-37 -1.672902654200935057e-36 -1.677451132958543500e-35
1.577593061362361493e-01 -1.205494970228554686e-40 -1.205495325705095709e-39 -1.205498848423842577e-38 -1.205551401011357823e-37 -1.205680973709557830e-36 -1.208984739682032821e-35
1.652133406357368384e-01 -8.688528580861200194e-41 -8.688530614270049129e-40 -8.688577196261538099e-39 -8.688379588923559880e-38 -8.694734684723552977e-37 -8.722104785626583018e-36
1.730195738845890785e-01 -6.284952529962181369e-41 -6.284955556251172358e-40 -6.284973844144634296e-39 -6.284930843767666173e-38 -6.282938596033174721e-37 -6.299015683175876872e-36
1.811946470667122333e-01 -4.534940882306639880e-41 -4.534941550463888879e-40 -4.534944989310166384e-39 -4.535198436570555111e-38 -4.538717192527883658e-37 -4.552365952766037410e-36
1.897559876521850430e-01 -3.284117014995686879e-41 -3.284118084711973691e-40 -3.284104840058588496e-39 -3.284477698155702401e-38 -3.284682403091443505e-37 -3.292720442266591053e-36
1.987218465488053420e-01 -2.376510246719845780e-41 -2.376511531291728192e-40 -2.376539942601011773e-39 -2.376149154307190037e-38 -2.375913704983795877e-37 -2.382977741251281901e-36
2.081113370090390546e-01 -1.724912469121625273e-41 -1.724914073480207239e-40 -1.724925333323828057e-39 -1.724710081395995421e-38 -1.722373716140581387e-37 -1.725935133614322937e-36
2.179444753752983466e-01 -1.242465622556755971e-41 -1.242464713783414720e-40 -1.242450408731930492e-39 -1.242924215542412978e-38 -1.246014040762367246e-37 -1.250424159777316084e-36
2.282422237504097562e-01 -9.044893029239672480e-42 -9.044892196273187562e-41 -9.044869495833213504e-40 -9.047735332754387515e-39 -9.048291263908009160e-38 -9.066858178525488722e-37
2.390265346842389282e-01 -6.566480325411446653e-42 -6.566483709572230577e-41 -6.566956198033587455e-40 -6.564211298314298894e-39 -6.554102323349048717e-38 -6.575255040118659843e-37
2.503203979717320005e-01 -4.700070621955311849e-42 -4.700068011072652355e-41 -4.699590843566371260e-40 -4.701334324556708980e-39 -4.736818560408432891e-38 -4.768747556483964386e-37
2.621478896621353138e-01 -3.512912139753436137e-42 -3.512929299059794737e-41 -3.512890597608612565e-40 -3.509275446203597754e-39 -3.475318831083648142e-38 -3.466448636091864090e-37
2.745342233838714563e-01 -2.465276133568973794e-42 -2.465264197697737801e-41 -2.465380208155957991e-40 -2.467903535636472276e-39 -2.494378755824541471e-38 -2.514225314516510079e-37
2.875058040944877269e-01 -1.850538082313217841e-42 -1.850550073847922410e-41 -1.850484841578186285e-40 -1.846989047642526752e-39 -1.830224023303619278e-38 -1.828994362277397819e-37
3.010902843702586429e-01 -1.317187085734620182e-42 -1.317181458153265644e-41 -1.317304455009414619e-40 -1.319134288039392805e-39 -1.325280736391713203e-38 -1.329050002579320688e-37
3.153166233554361431e-01 -9.595709562710474964e-43 -9.595722572072642481e-42 -9.594847060085718558e-41 -9.593457102952803622e-40 -9.603248391911902212e-39 -9.663334087287812583e-38
3.302151484968175454e-01 -6.795955464030134084e-43 -6.795887277000371433e-42 -6.795782827341164434e-41 -6.819858743933605704e-40 -6.950605807631802878e-39 -7.028108295763699078e-38
3.458176201952377071e-01 -5.592987797462161764e-43 -5.593127011646184411e-42 -5.594488734777681538e-41 -5.546211522995224173e-40 -5.256632831283511076e-39 -5.137051250024949866e-38
3.621572995118067517e-01 -3.265142029110337079e-43 -3.265027327833519770e-42 -3.264113097885255647e-41 -3.305989136924351728e-40 -3.538628833438849499e-39 -3.711355993715445198e-38
3.792690190732245781e-01 -3.037985069724622221e-43 -3.038063712011818015e-42 -3.038496942864382949e-41 -3.009637553618749194e-40 -2.866142699327601939e-39 -2.736467156421657435e-38
3.971892573273302363e-01 -1.814482728781936323e-43 -1.814464213388978567e-42 -1.812877209440011483e-41 -1.824192420094361405e-40 -1.914980708814877882e-39 -1.976236320293648743e-38
4.159562163071842678e-01 -1.548990695486566197e-43 -1.548995773971834651e-42 -1.550582551326496408e-41 -1.545732997470288613e-40 -1.470218531870249459e-39 -1.449240986269418557e-38
4.356099030694599028e-01 -1.092592302222504814e-43 -1.092614949059655764e-42 -1.092282822946623478e-41 -1.087447609226944296e-40 -1.052757625192859062e-39 -1.055595049941228675e-38
4.561922149807458582e-01 -7.139560644934906290e-44 -7.139307020211537532e-43 -7.139154186743486069e-42 -7.218371045380885414e-41 -7.721354689356652224e-40 -7.721232898785600681e-39
4.777470290335772973e-01 -5.587330621867775571e-44 -5.587305695863164366e-43 -5.584609389465529027e-42 -5.609787553350477832e-41 -5.698175339943231391e-40 -5.645372539986183461e-39
5.003202953825999222e-01 -4.879641050353859952e-44 -4.879850605126289329e-43 -4.885088867033722866e-42 -4.831696621124835323e-41 -4.100927056757512947e-40 -4.109135637882432097e-39
5.239601353002634188e-01 -2.676007760543032369e-44 -2.675895989807841229e-43 -2.674684952480500904e-42 -2.681307634422508641e-41 -3.140818364456928369e-40 -3.036296454525910548e-39
5.487169437608598876e-01 -7.257242741235995470e-45 -7.253778496008575866e-44 -7.274255377047728441e-43 -8.161452431096042980e-42 -1.453061131320891923e-40 -2.116857710735428302e-39
5.746434968715973257e-01 -1.801156505841209881e-44 -1.801178782081095076e-43 -1.800431867470803328e-42 -1.797210904876048423e-41 -1.817861941246385397e-40 -1.634944953201120168e-39
6.017950643797327359e-01 -1.701374343574048453e-44 -1.701589282398554977e-43 -1.700833625363615101e-42 -1.625811367333661674e-41 -1.280701437306075427e-40 -1.192054850518372625e-39
6.302295274956011273e-01 -7.611040547115920115e-45 -7.611225837748172028e-44 -7.573115505608134279e-43 -7.699371504718001698e-42 -8.878290594043125384e-41 -8.649057996492501731e-40
6.600075022827088800e-01 -9.947202178654698256e-45 -9.947983757198431569e-44 -9.984493090999701407e-43 -9.536219392969544630e-42 -6.970123039695790481e-41 -6.369793782998930642e-40
6.911924688779366166e-01 -6.567405036487709143e-45 -6.568288877280875836e-44 -6.533179325320327985e-43 -6.524942424340259045e-42 -5.422378528933595646e-41 -4.687608931088494655e-40
7.238509068173247796e-01 -5.297788454106306732e-45 -5.298357210035555675e-44 -5.305110504491397385e-43 -5.051987064212843729e-42 -3.835026591453845122e-41 -3.394166332873167653e-40
7.580524367559245968e-01 -1.056503116880406291e-45 -1.056284025796643663e-44 -1.057549315409845317e-43 -1.081314714168702636e-42 -1.920260672371004823e-41 -2.357823918761216045e-40
7.938699688838223301e-01 -3.200344392297457440e-45 -3.200570454215264678e-44 -3.204724876220858246e-43 -3.166213547162962801e-42 -2.140660089713590841e-41 -1.772301941727320048e-40
8.313798583547333809e-01 -3.961588176836762467e-45 -3.962805409743486996e-44 -3.948511303668265563e-43 -3.638684564746788619e-42 -1.850853134001208202e-41 -1.299015780131285992e-40
8.706620680585117622e-01 -2.338812785353537396e-46 -2.336736470950676539e-45 -2.382482102467689852e-44 -2.426494949440739960e-43 -6.964114526777980742e-42 -8.262702905629495414e-41
9.118003390845662581e-01 1.758510751542589850e-45 1.759017067135888958e-44 1.753491421823401608e-43 1.668595298315834019e-42 3.471628668547687952e-42 -4.519309819150729477e-41
9.548823692395657092e-01 5.207361120616528019e-46 5.210023914062241513e-45 5.164046643270152447e-44 4.609189758054913058e-43 -2.288537163715418769e-43 -2.782069018315912866e-41
1.000000000000000000e+00 0.000000000000000000e+00 0.000000000000000000e+00 0.000000000000000000e+00 0.000000000000000000e+00 0.000000000000000000e+00 0.000000000000000000e+00
