 1.00000E-09  1.14743E-03
 1.04713E-09  1.21427E-03
 1.09648E-09  1.45987E-03
 1.14815E-09  1.57617E-03
 1.20226E-09  1.89498E-03
 1.25893E-09  2.27826E-03
 1.31826E-09  2.49557E-03
 1.38038E-09  2.76141E-03
 1.44544E-09  3.31995E-03
 1.51356E-09  3.70018E-03
 1.58489E-09  4.14969E-03
 1.65959E-09  4.68054E-03
 1.73780E-09  5.30137E-03
 1.81970E-09  6.02030E-03
 1.90546E-09  6.85879E-03
 1.99526E-09  7.83901E-03
 2.08930E-09  8.97755E-03
 2.18776E-09  1.02987E-02
 2.29087E-09  1.13251E-02
 2.39883E-09  1.30477E-02
 2.51189E-09  1.44515E-02
 2.63027E-09  1.60904E-02
 2.75423E-09  1.79628E-02
 2.88403E-09  2.01178E-02
 3.01995E-09  2.25795E-02
 3.16228E-09  2.45955E-02
 3.31131E-09  2.77526E-02
 3.46737E-09  3.04273E-02
 3.63078E-09  3.34656E-02
 3.80189E-09  3.69092E-02
 3.98107E-09  4.08047E-02
 4.16869E-09  4.52078E-02
 4.36516E-09  4.88819E-02
 4.57088E-09  5.43806E-02
 4.78630E-09  5.90913E-02
 5.01187E-09  6.43626E-02
 5.24807E-09  6.85830E-02
 5.49541E-09  7.50185E-02
 5.75440E-09  8.03241E-02
 6.02560E-09  8.81667E-02
 6.30957E-09  9.47642E-02
 6.60693E-09  1.02022E-01
 6.91831E-09  1.10012E-01
 7.24436E-09  1.16287E-01
 7.58578E-09  1.25756E-01
 7.94328E-09  1.33332E-01
 8.31764E-09  1.41558E-01
 8.70964E-09  1.50465E-01
 9.12011E-09  1.60096E-01
 9.54993E-09  1.70486E-01
 1.00000E-08  1.81692E-01
 1.04713E-08  1.93772E-01
 1.09648E-08  2.02716E-01
 1.14815E-08  2.16450E-01
 1.20226E-08  2.26693E-01
 1.25893E-08  2.37535E-01
 1.31826E-08  2.48988E-01
 1.38038E-08  2.66243E-01
 1.44544E-08  2.79258E-01
 1.51356E-08  2.93013E-01
 1.58489E-08  3.07563E-01
 1.65959E-08  3.22972E-01
 1.73780E-08  3.39293E-01
 1.81970E-08  3.49844E-01
 1.90546E-08  3.67889E-01
 1.99526E-08  3.87056E-01
 2.08930E-08  4.07404E-01
 2.18776E-08  4.21020E-01
 2.29087E-08  4.43596E-01
 2.39883E-08  4.67588E-01
 2.51189E-08  4.83974E-01
 2.63027E-08  5.10600E-01
 2.75423E-08  5.38898E-01
 2.88403E-08  5.58489E-01
 3.01995E-08  5.89808E-01
 3.16228E-08  6.11629E-01
 3.31131E-08  6.46226E-01
 3.46737E-08  6.70312E-01
 3.63078E-08  7.08107E-01
 3.80189E-08  7.34138E-01
 3.98107E-08  7.75037E-01
 4.16869E-08  8.02486E-01
 4.36516E-08  8.45251E-01
 4.57088E-08  8.71476E-01
 4.78630E-08  8.95499E-01
 5.01187E-08  9.35576E-01
 5.24807E-08  9.52351E-01
 5.49541E-08  9.80542E-01
 5.75440E-08  9.76768E-01
 6.02560E-08  9.86129E-01
 6.30957E-08  9.57041E-01
 6.60693E-08  9.05795E-01
 6.91831E-08  8.59060E-01
 7.24436E-08  7.73625E-01
 7.58578E-08  7.15655E-01
 7.94328E-08  6.15853E-01
 8.31764E-08  5.13633E-01
 8.70964E-08  4.45773E-01
 9.12011E-08  3.72489E-01
 9.54993E-08  3.20491E-01
 1.00000E-07  2.61013E-01
 1.04713E-07  2.17423E-01
 1.09648E-07  1.95705E-01
 1.14815E-07  1.64983E-01
 1.20226E-07  1.48204E-01
 1.25893E-07  1.34025E-01
 1.31826E-07  1.20991E-01
 1.38038E-07  1.13067E-01
 1.44544E-07  1.07596E-01
 1.51356E-07  1.04693E-01
 1.58489E-07  9.94475E-02
 1.65959E-07  9.88776E-02
 1.73780E-07  9.78854E-02
 1.81970E-07  9.66208E-02
 1.90546E-07  1.00009E-01
 1.99526E-07  9.80770E-02
 2.08930E-07  1.03764E-01
 2.18776E-07  1.01967E-01
 2.29087E-07  1.08317E-01
 2.39883E-07  1.07331E-01
 2.51189E-07  1.11659E-01
 2.63027E-07  1.14005E-01
 2.75423E-07  1.19987E-01
 2.88403E-07  1.22174E-01
 3.01995E-07  1.28703E-01
 3.16228E-07  1.32619E-01
 3.31131E-07  1.37275E-01
 3.46737E-07  1.47627E-01
 3.63078E-07  1.51455E-01
 3.80189E-07  1.57994E-01
 3.98107E-07  1.70341E-01
 4.16869E-07  1.71957E-01
 4.36516E-07  1.81504E-01
 4.57088E-07  1.95250E-01
 4.78630E-07  2.06534E-01
 5.01187E-07  2.09415E-01
 5.24807E-07  2.13129E-01
 5.49541E-07  1.84743E-01
 5.75440E-07  9.60070E-02
 6.02560E-07  3.55722E-02
 6.30957E-07  1.90156E-02
 6.60693E-07  1.60645E-02
 6.91831E-07  1.63878E-02
 7.24436E-07  1.78472E-02
 7.58578E-07  1.93618E-02
 7.94328E-07  2.10597E-02
 8.31764E-07  2.31797E-02
 8.70964E-07  2.54783E-02
 9.12011E-07  2.79326E-02
 9.54993E-07  3.06154E-02
 1.00000E-06  3.34868E-02
 1.04713E-06  3.64846E-02
 1.09648E-06  4.04955E-02
 1.14815E-06  4.39381E-02
 1.20226E-06  4.83002E-02
 1.25893E-06  5.23378E-02
 1.31826E-06  5.71789E-02
 1.38038E-06  6.19615E-02
 1.44544E-06  6.71937E-02
 1.51356E-06  7.28943E-02
 1.58489E-06  7.89249E-02
 1.65959E-06  8.55602E-02
 1.73780E-06  9.27201E-02
 1.81970E-06  1.00459E-01
 1.90546E-06  1.08855E-01
 1.99526E-06  1.17897E-01
 2.08930E-06  1.27678E-01
 2.18776E-06  1.38218E-01
 2.29087E-06  1.49548E-01
 2.39883E-06  1.61692E-01
 2.51189E-06  1.74670E-01
 2.63027E-06  1.88495E-01
 2.75423E-06  2.03174E-01
 2.88403E-06  2.18707E-01
 3.01995E-06  2.35088E-01
 3.16228E-06  2.52303E-01
 3.31131E-06  2.70329E-01
 3.46737E-06  2.89135E-01
 3.63078E-06  3.08683E-01
 3.80189E-06  3.28926E-01
 3.98107E-06  3.49806E-01
 4.16869E-06  3.71260E-01
 4.36516E-06  3.93214E-01
 4.57088E-06  4.15590E-01
 4.78630E-06  4.38302E-01
 5.01187E-06  4.61258E-01
 5.24807E-06  4.84363E-01
 5.49541E-06  5.07522E-01
 5.75440E-06  5.30634E-01
 6.02560E-06  5.53604E-01
 6.30957E-06  5.76337E-01
 6.60693E-06  5.98742E-01
 6.91831E-06  6.20733E-01
 7.24436E-06  6.42232E-01
 7.58578E-06  6.63167E-01
 7.94328E-06  6.83475E-01
 8.31764E-06  7.03102E-01
 8.70964E-06  7.22003E-01
 9.12011E-06  7.40142E-01
 9.54993E-06  7.57492E-01
 1.00000E-05  7.74034E-01
 1.04713E-05  7.89759E-01
 1.09648E-05  8.04664E-01
 1.14815E-05  8.18753E-01
 1.20226E-05  8.32036E-01
 1.25893E-05  8.44530E-01
 1.31826E-05  8.56254E-01
 1.38038E-05  8.67232E-01
 1.44544E-05  8.77490E-01
 1.51356E-05  8.87059E-01
 1.58489E-05  8.95969E-01
 1.65959E-05  9.04251E-01
 1.73780E-05  9.11938E-01
 1.81970E-05  9.19063E-01
 1.90546E-05  9.25658E-01
 1.99526E-05  9.31756E-01
 2.08930E-05  9.37387E-01
 2.18776E-05  9.42582E-01
 2.29087E-05  9.47370E-01
 2.39883E-05  9.51779E-01
 2.51189E-05  9.55836E-01
 2.63027E-05  9.59566E-01
 2.75423E-05  9.62993E-01
 2.88403E-05  9.66140E-01
 3.01995E-05  9.69028E-01
 3.16228E-05  9.71677E-01
 3.31131E-05  9.74105E-01
 3.46737E-05  9.76330E-01
 3.63078E-05  9.78368E-01
 3.80189E-05  9.80235E-01
 3.98107E-05  9.81943E-01
 4.16869E-05  9.83506E-01
 4.36516E-05  9.84936E-01
 4.57088E-05  9.86244E-01
 4.78630E-05  9.87439E-01
 5.01187E-05  9.88532E-01
 5.24807E-05  9.89531E-01
 5.49541E-05  9.90444E-01
 5.75440E-05  9.91278E-01
 6.02560E-05  9.92040E-01
 6.30957E-05  9.92735E-01
 6.60693E-05  9.93371E-01
 6.91831E-05  9.93951E-01
 7.24436E-05  9.94481E-01
 7.58578E-05  9.94964E-01
 7.94328E-05  9.95406E-01
 8.31764E-05  9.95809E-01
 8.70964E-05  9.96177E-01
 9.12011E-05  9.96512E-01
 9.54993E-05  9.96818E-01
 1.00000E-04  9.97098E-01
 1.04713E-04  9.97353E-01
 1.09648E-04  9.97586E-01
 1.14815E-04  9.97798E-01
 1.20226E-04  9.97992E-01
 1.25893E-04  9.98169E-01
 1.31826E-04  9.98330E-01
 1.38038E-04  9.98477E-01
 1.44544E-04  9.98611E-01
 1.51356E-04  9.98734E-01
 1.58489E-04  9.98845E-01
 1.65959E-04  9.98947E-01
 1.73780E-04  9.99040E-01
 1.81970E-04  9.99125E-01
 1.90546E-04  9.99202E-01
 1.99526E-04  9.99273E-01
 2.08930E-04  9.99337E-01
 2.18776E-04  9.99396E-01
 2.29087E-04  9.99449E-01
 2.39883E-04  9.99498E-01
 2.51189E-04  9.99543E-01
 2.63027E-04  9.99583E-01
 2.75423E-04  9.99620E-01
 2.88403E-04  9.99654E-01
 3.01995E-04  9.99685E-01
 3.16228E-04  9.99713E-01
 3.31131E-04  9.99739E-01
 3.46737E-04  9.99762E-01
 3.63078E-04  9.99783E-01
 3.80189E-04  9.99803E-01
 3.98107E-04  9.99821E-01
 4.16869E-04  9.99837E-01
 4.36516E-04  9.99852E-01
 4.57088E-04  9.99865E-01
 4.78630E-04  9.99877E-01
 5.01187E-04  9.99888E-01
 5.24807E-04  9.99899E-01
 5.49541E-04  9.99908E-01
 5.75440E-04  9.99917E-01
 6.02560E-04  9.99924E-01
 6.30957E-04  9.99931E-01
 6.60693E-04  9.99938E-01
 6.91831E-04  9.99944E-01
 7.24436E-04  9.99949E-01
 7.58578E-04  9.99954E-01
 7.94328E-04  9.99958E-01
 8.31764E-04  9.99962E-01
 8.70964E-04  9.99966E-01
 9.12011E-04  9.99969E-01
 9.54993E-04  9.99973E-01
 1.00000E-03  9.99975E-01