## EBL from Khaire & Srianand 2018; Q18 Model with alpha=-1.8 
## Column1:wavelength (Angstrom);  Column2:EBL specific intensity J_nu (erg/s/cm^2/Hz/Sr)
## ===========================================================================================
 1.000000e-08     1.361737e-41
 1.122019e-08     1.980891e-41
 1.258925e-08     2.823708e-41
 1.412538e-08     3.938192e-41
 1.584893e-08     5.383608e-41
 1.778279e-08     7.228745e-41
 1.995263e-08     9.552262e-41
 2.238721e-08     1.244384e-40
 2.511887e-08     1.600592e-40
 2.818382e-08     2.035555e-40
 3.162278e-08     2.562695e-40
 3.548135e-08     3.197409e-40
 3.981071e-08     3.957408e-40
 4.466837e-08     4.863119e-40
 5.011870e-08     5.938087e-40
 5.623413e-08     7.209555e-40
 6.309576e-08     8.708997e-40
 7.079456e-08     1.047283e-39
 7.943284e-08     1.254328e-39
 8.912505e-08     1.496917e-39
 1.000000e-07     1.780718e-39
 1.122019e-07     2.112289e-39
 1.258925e-07     2.499232e-39
 1.412538e-07     2.950368e-39
 1.584892e-07     3.475902e-39
 1.778279e-07     4.087689e-39
 1.995263e-07     4.799447e-39
 2.238721e-07     5.627076e-39
 2.511887e-07     6.589026e-39
 2.818382e-07     7.706650e-39
 3.162278e-07     9.004733e-39
 3.548136e-07     1.051197e-38
 3.981071e-07     1.226160e-38
 4.466837e-07     1.429221e-38
 5.011870e-07     1.664845e-38
 5.623413e-07     1.938212e-38
 6.309576e-07     2.255322e-38
 7.079456e-07     2.623122e-38
 7.943284e-07     3.049678e-38
 8.912505e-07     3.544318e-38
 1.000000e-06     4.117874e-38
 1.122019e-06     4.782879e-38
 1.258925e-06     5.553855e-38
 1.412538e-06     6.447658e-38
 1.584893e-06     7.483781e-38
 1.778279e-06     8.684845e-38
 1.995263e-06     1.007706e-37
 2.238721e-06     1.169076e-37
 2.511887e-06     1.356116e-37
 2.818382e-06     1.572900e-37
 3.162278e-06     1.824155e-37
 3.548136e-06     2.115356e-37
 3.981071e-06     2.452841e-37
 4.466837e-06     2.843968e-37
 5.011870e-06     3.297250e-37
 5.623413e-06     3.822564e-37
 6.309576e-06     4.431346e-37
 7.079456e-06     5.136844e-37
 7.943284e-06     5.954429e-37
 8.912505e-06     6.901884e-37
 1.000000e-05     7.999851e-37
 1.122019e-05     9.272220e-37
 1.258925e-05     1.074667e-36
 1.412538e-05     1.245532e-36
 1.584893e-05     1.443532e-36
 1.778279e-05     1.672979e-36
 1.995263e-05     1.938866e-36
 2.238721e-05     2.246976e-36
 2.511887e-05     2.604017e-36
 2.818382e-05     3.017754e-36
 3.162278e-05     3.497197e-36
 3.548135e-05     4.052773e-36
 3.981071e-05     4.696566e-36
 4.466837e-05     5.442594e-36
 5.011870e-05     6.307078e-36
 5.623413e-05     7.308841e-36
 6.309577e-05     8.469673e-36
 7.079457e-05     9.814815e-36
 7.943284e-05     1.137356e-35
 8.912505e-05     1.317979e-35
 1.000000e-04     1.527283e-35
 1.122018e-04     1.769821e-35
 1.258926e-04     2.050446e-35
 1.412538e-04     2.367455e-35
 1.584893e-04     2.733342e-35
 1.778279e-04     3.158023e-35
 1.995262e-04     3.651869e-35
 2.238722e-04     4.226781e-35
 2.511887e-04     4.896718e-35
 2.818383e-04     5.678144e-35
 3.162278e-04     6.590497e-35
 3.548134e-04     7.656733e-35
 3.981073e-04     8.904002e-35
 4.466837e-04     1.036442e-34
 5.011873e-04     1.207601e-34
 5.623413e-04     1.408384e-34
 6.309572e-04     1.644136e-34
 7.079460e-04     1.921197e-34
 7.943284e-04     2.247091e-34
 8.912510e-04     2.630762e-34
 1.000000e-03     3.082837e-34
 1.122018e-03     3.615957e-34
 1.258926e-03     4.245174e-34
 1.412538e-03     4.988382e-34
 1.584893e-03     5.866918e-34
 1.778279e-03     6.906211e-34
 1.995262e-03     8.136570e-34
 2.238722e-03     9.594154e-34
 2.511887e-03     1.132209e-33
 2.818383e-03     1.337189e-33
 3.162278e-03     1.580505e-33
 3.548133e-03     1.869502e-33
 3.981073e-03     2.212965e-33
 4.466837e-03     2.621384e-33
 5.011873e-03     3.107325e-33
 5.623413e-03     3.685851e-33
 6.309573e-03     4.375087e-33
 7.079460e-03     5.196997e-33
 7.943284e-03     6.178420e-33
 8.912510e-03     7.352549e-33
 1.000000e-02     8.760846e-33
 1.122019e-02     1.045545e-32
 1.258925e-02     1.250193e-32
 1.412538e-02     1.498247e-32
 1.584894e-02     1.799884e-32
 1.778279e-02     2.167551e-32
 1.995263e-02     2.616276e-32
 2.238721e-02     3.163932e-32
 2.511887e-02     3.831582e-32
 2.818385e-02     4.643829e-32
 3.162277e-02     5.629262e-32
 3.548136e-02     6.821112e-32
 3.981071e-02     8.257908e-32
 4.466837e-02     9.984589e-32
 5.011876e-02     1.205362e-31
 5.623413e-02     1.452656e-31
 6.309576e-02     1.747598e-31
 7.079456e-02     2.098756e-31
 7.943284e-02     2.516296e-31
 8.912515e-02     3.012287e-31
 1.000000e-01     3.601082e-31
 1.122019e-01     4.300426e-31
 1.258925e-01     5.104341e-31
 1.412538e-01     5.980740e-31
 1.584894e-01     6.916358e-31
 1.778279e-01     7.903084e-31
 1.995263e-01     8.934136e-31
 2.238721e-01     1.000331e-30
 2.511887e-01     1.110511e-30
 2.818385e-01     1.223473e-30
 3.162278e-01     1.338820e-30
 3.548135e-01     1.456239e-30
 3.981071e-01     1.575493e-30
 4.466837e-01     1.696421e-30
 5.011876e-01     1.818932e-30
 5.623413e-01     1.942991e-30
 6.309576e-01     2.068093e-30
 7.079456e-01     2.194926e-30
 7.943284e-01     2.323354e-30
 8.912515e-01     2.453348e-30
 1.000000e+00     2.584884e-30
 1.122019e+00     2.717873e-30
 1.258925e+00     2.852101e-30
 1.412538e+00     2.987160e-30
 1.584894e+00     3.122334e-30
 1.778279e+00     3.256446e-30
 1.995263e+00     3.387651e-30
 2.238721e+00     3.513108e-30
 2.511887e+00     3.628603e-30
 2.818385e+00     3.728048e-30
 3.162278e+00     3.802977e-30
 3.548136e+00     3.842210e-30
 3.981071e+00     3.832051e-30
 4.466837e+00     3.757584e-30
 5.011876e+00     3.605628e-30
 5.623413e+00     3.369363e-30
 6.309576e+00     3.045586e-30
 7.079456e+00     2.654870e-30
 7.943284e+00     2.251077e-30
 8.912516e+00     1.868585e-30
 1.000000e+01     1.527911e-30
 1.122019e+01     1.237146e-30
 1.258925e+01     9.965755e-31
 1.412538e+01     8.023959e-31
 1.584894e+01     6.479301e-31
 1.778279e+01     5.258285e-31
 1.995263e+01     4.293797e-31
 2.238721e+01     3.530207e-31
 2.511887e+01     2.922463e-31
 2.818385e+01     2.435862e-31
 3.162278e+01     2.043053e-31
 3.548135e+01     1.723468e-31
 3.981071e+01     1.461761e-31
 4.466837e+01     1.246120e-31
 5.011876e+01     1.067215e-31
 5.623413e+01     9.180799e-32
 6.309576e+01     7.932844e-32
 7.079456e+01     6.884489e-32
 7.943284e+01     6.001082e-32
 8.912515e+01     5.255766e-32
 1.000000e+02     4.625959e-32
 1.120000e+02     4.101035e-32
 1.250000e+02     3.668276e-32
 1.400000e+02     3.289339e-32
 1.550000e+02     2.999841e-32
 1.650000e+02     2.843893e-32
 1.750000e+02     2.712363e-32
 1.850000e+02     2.607323e-32
 1.900000e+02     2.577217e-32
 1.950000e+02     2.582065e-32
 2.000000e+02     2.661418e-32
 2.050000e+02     2.898500e-32
 2.100000e+02     3.461078e-32
 2.150000e+02     4.674587e-32
 2.180000e+02     5.951308e-32
 2.210000e+02     7.879742e-32
 2.240000e+02     1.075312e-31
 2.260000e+02     1.339046e-31
 2.270000e+02     1.498213e-31
 2.275000e+02     1.585597e-31
 2.278400e+02     1.648202e-31
 2.380000e+02     3.256641e-24
 2.500000e+02     3.453053e-24
 2.700000e+02     3.624606e-24
 2.900000e+02     3.787941e-24
 3.035000e+02     3.893987e-24
 3.037800e+02     3.898086e-24
 3.045000e+02     3.902704e-24
 3.060000e+02     3.913527e-24
 3.080000e+02     3.928732e-24
 3.100000e+02     3.943890e-24
 3.120000e+02     3.958989e-24
 3.150000e+02     3.981658e-24
 3.200000e+02     4.019084e-24
 3.250000e+02     4.056145e-24
 3.300000e+02     4.092660e-24
 3.400000e+02     4.164426e-24
 3.600000e+02     4.303124e-24
 3.800000e+02     4.435714e-24
 4.050000e+02     4.593867e-24
 4.250000e+02     4.715571e-24
 4.500000e+02     4.861276e-24
 4.650000e+02     4.948586e-24
 4.750000e+02     5.005525e-24
 4.820000e+02     5.044716e-24
 4.870000e+02     5.072459e-24
 4.910000e+02     5.094493e-24
 4.950000e+02     5.116452e-24
 4.980000e+02     5.132804e-24
 5.000000e+02     5.143685e-24
 5.020000e+02     5.155185e-24
 5.039800e+02     5.166974e-24
 5.100000e+02     7.170614e-24
 5.250000e+02     7.273455e-24
 5.600000e+02     7.446566e-24
 6.000000e+02     7.666857e-24
 6.500000e+02     8.060681e-24
 7.000000e+02     8.656882e-24
 7.500000e+02     9.603646e-24
 8.000000e+02     1.100019e-23
 8.300000e+02     1.213530e-23
 8.600000e+02     1.352879e-23
 8.800000e+02     1.461630e-23
 8.900000e+02     1.521187e-23
 8.960000e+02     1.558590e-23
 9.000000e+02     1.584214e-23
 9.030000e+02     1.603844e-23
 9.060000e+02     1.623812e-23
 9.090000e+02     1.644244e-23
 9.117800e+02     1.663371e-23
 9.300000e+02     7.162904e-22
 9.500000e+02     2.044454e-21
 9.750000e+02     4.344729e-21
 9.900000e+02     5.177387e-21
 1.005000e+03     6.333935e-21
 1.025000e+03     8.055107e-21
 1.045000e+03     9.306637e-21
 1.065000e+03     1.121443e-20
 1.085000e+03     1.292387e-20
 1.105000e+03     1.446507e-20
 1.125000e+03     1.608093e-20
 1.145000e+03     1.741608e-20
 1.165000e+03     1.884558e-20
 1.185000e+03     2.002619e-20
 1.205000e+03     2.110295e-20
 1.215600e+03     2.160432e-20
 1.215670e+03     2.565020e-20
 1.216000e+03     2.565624e-20
 1.218000e+03     2.568495e-20
 1.221000e+03     2.572076e-20
 1.225000e+03     2.576664e-20
 1.230000e+03     2.598081e-20
 1.240000e+03     2.665148e-20
 1.250000e+03     2.673657e-20
 1.265000e+03     2.780910e-20
 1.285000e+03     2.875377e-20
 1.305000e+03     2.969178e-20
 1.325000e+03     3.067145e-20
 1.345000e+03     3.151016e-20
 1.365000e+03     3.209809e-20
 1.385000e+03     3.295771e-20
 1.405000e+03     3.347168e-20
 1.425000e+03     3.420386e-20
 1.442000e+03     3.427878e-20
 1.455000e+03     3.469597e-20
 1.475000e+03     3.490466e-20
 1.517000e+03     3.544907e-20
 1.595000e+03     3.530973e-20
 1.672000e+03     3.530395e-20
 1.745000e+03     3.513095e-20
 1.825000e+03     3.497104e-20
 1.905000e+03     3.328660e-20
 1.984000e+03     3.298522e-20
 2.065000e+03     3.258678e-20
 2.135000e+03     3.215745e-20
 2.215000e+03     3.170890e-20
 2.295000e+03     3.124343e-20
 2.375000e+03     3.076071e-20
 2.455000e+03     3.034063e-20
 2.525000e+03     2.990696e-20
 2.605000e+03     2.955043e-20
 2.685000e+03     2.933163e-20
 2.765000e+03     2.901035e-20
 2.845000e+03     2.866016e-20
 2.950000e+03     2.833027e-20
 3.110000e+03     2.785824e-20
 3.270000e+03     2.734717e-20
 3.430000e+03     2.684537e-20
 3.590000e+03     2.637654e-20
 3.730000e+03     2.627275e-20
 3.890000e+03     2.742298e-20
 4.050000e+03     2.861732e-20
 4.210000e+03     3.033795e-20
 4.370000e+03     3.182994e-20
 4.530000e+03     3.315623e-20
 4.690000e+03     3.423957e-20
 4.850000e+03     3.487190e-20
 5.010000e+03     3.541245e-20
 5.170000e+03     3.576590e-20
 5.330000e+03     3.607226e-20
 5.490000e+03     3.632151e-20
 5.650000e+03     3.651283e-20
 5.810000e+03     3.669575e-20
 5.970000e+03     3.668919e-20
 6.130000e+03     3.669813e-20
 6.290000e+03     3.664893e-20
 6.450000e+03     3.655406e-20
 6.610000e+03     3.645786e-20
 6.770000e+03     3.640920e-20
 6.930000e+03     3.633442e-20
 7.090000e+03     3.625064e-20
 7.250000e+03     3.617149e-20
 7.410000e+03     3.612851e-20
 7.570000e+03     3.612856e-20
 7.730000e+03     3.617811e-20
 7.890000e+03     3.621536e-20
 8.050000e+03     3.623856e-20
 8.210000e+03     3.628109e-20
 8.370000e+03     3.631498e-20
 8.530000e+03     3.636086e-20
 8.690000e+03     3.644505e-20
 8.850000e+03     3.659660e-20
 9.010000e+03     3.673912e-20
 9.170000e+03     3.687585e-20
 9.330000e+03     3.707209e-20
 9.490000e+03     3.727404e-20
 9.650000e+03     3.740885e-20
 9.810000e+03     3.759323e-20
 9.970000e+03     3.773161e-20
 1.050000e+04     3.805286e-20
 1.150000e+04     3.806020e-20
 1.250000e+04     3.784579e-20
 1.350000e+04     3.756289e-20
 1.450000e+04     3.741708e-20
 1.550000e+04     3.768750e-20
 1.650000e+04     3.768735e-20
 1.750000e+04     3.723791e-20
 1.850000e+04     3.652281e-20
 1.950000e+04     3.565828e-20
 2.050000e+04     3.474545e-20
 2.150000e+04     3.384922e-20
 2.250000e+04     3.302406e-20
 2.350000e+04     3.231385e-20
 2.450000e+04     3.175639e-20
 2.550000e+04     3.138607e-20
 2.650000e+04     3.122637e-20
 2.750000e+04     3.128951e-20
 2.850000e+04     3.158037e-20
 2.950000e+04     3.209884e-20
 3.050000e+04     3.284323e-20
 3.150000e+04     3.366321e-20
 3.250000e+04     3.438408e-20
 3.350000e+04     3.517531e-20
 3.450000e+04     3.600650e-20
 3.550000e+04     3.687605e-20
 3.650000e+04     3.777398e-20
 3.750000e+04     3.866305e-20
 3.850000e+04     3.955123e-20
 3.950000e+04     4.045189e-20
 4.050000e+04     4.136208e-20
 4.150000e+04     4.227557e-20
 4.250000e+04     4.319019e-20
 4.350000e+04     4.410074e-20
 4.450000e+04     4.500395e-20
 4.550000e+04     4.589836e-20
 4.650000e+04     4.678388e-20
 4.750000e+04     4.766039e-20
 4.850000e+04     4.852817e-20
 4.950000e+04     4.938972e-20
 5.050000e+04     5.024949e-20
 5.150000e+04     5.111089e-20
 5.250000e+04     5.197430e-20
 5.350000e+04     5.282461e-20
 5.450000e+04     5.342812e-20
 5.550000e+04     5.419851e-20
 5.650000e+04     5.508423e-20
 5.750000e+04     5.621768e-20
 5.850000e+04     5.705546e-20
 5.950000e+04     5.776572e-20
 6.050000e+04     5.916734e-20
 6.150000e+04     6.353932e-20
 6.250000e+04     7.196578e-20
 6.350000e+04     7.658985e-20
 6.450000e+04     7.732835e-20
 6.550000e+04     7.773453e-20
 6.650010e+04     7.818130e-20
 6.750010e+04     7.854077e-20
 6.850010e+04     7.910132e-20
 6.950010e+04     8.014887e-20
 7.020000e+04     8.155446e-20
 7.100000e+04     8.241274e-20
 7.180000e+04     8.371203e-20
 7.260000e+04     8.563480e-20
 7.340000e+04     8.807264e-20
 7.420000e+04     9.169316e-20
 7.500000e+04     9.684670e-20
 7.580000e+04     1.038077e-19
 7.660000e+04     1.114184e-19
 7.740000e+04     1.181904e-19
 7.820000e+04     1.240467e-19
 7.900000e+04     1.289498e-19
 7.980000e+04     1.326158e-19
 8.060000e+04     1.348902e-19
 8.140000e+04     1.359846e-19
 8.220000e+04     1.359195e-19
 8.300000e+04     1.355762e-19
 8.380000e+04     1.354476e-19
 8.460000e+04     1.354869e-19
 8.540000e+04     1.356840e-19
 8.620000e+04     1.363338e-19
 8.700000e+04     1.372233e-19
 8.780000e+04     1.371777e-19
 8.860000e+04     1.359245e-19
 8.940000e+04     1.338365e-19
 9.020000e+04     1.313131e-19
 9.100000e+04     1.285630e-19
 9.180000e+04     1.256494e-19
 9.260000e+04     1.226958e-19
 9.340000e+04     1.197303e-19
 9.420000e+04     1.168280e-19
 9.500000e+04     1.140426e-19
 9.580000e+04     1.114036e-19
 9.660000e+04     1.092809e-19
 9.740000e+04     1.073401e-19
 9.820000e+04     1.050970e-19
 9.900000e+04     1.028007e-19
 9.980000e+04     1.008325e-19
 1.006000e+05     9.888751e-20
 1.020000e+05     9.579486e-20
 1.040000e+05     9.209761e-20
 1.060000e+05     8.991078e-20
 1.080000e+05     8.847345e-20
 1.100000e+05     8.795378e-20
 1.120000e+05     9.469138e-20
 1.140000e+05     1.093127e-19
 1.160000e+05     1.122708e-19
 1.180000e+05     1.111692e-19
 1.200000e+05     1.119874e-19
 1.220000e+05     1.107058e-19
 1.240000e+05     1.118264e-19
 1.260000e+05     1.149757e-19
 1.280000e+05     1.205608e-19
 1.300000e+05     1.244448e-19
 1.320000e+05     1.210524e-19
 1.340000e+05     1.187109e-19
 1.360000e+05     1.173748e-19
 1.380000e+05     1.152385e-19
 1.400000e+05     1.130412e-19
 1.420000e+05     1.117067e-19
 1.440000e+05     1.098022e-19
 1.460000e+05     1.075139e-19
 1.480000e+05     1.056510e-19
 1.500000e+05     1.036508e-19
 1.520000e+05     1.019433e-19
 1.540000e+05     1.007173e-19
 1.560000e+05     1.014834e-19
 1.580000e+05     1.017601e-19
 1.600000e+05     1.008210e-19
 1.620000e+05     1.010185e-19
 1.640000e+05     1.021860e-19
 1.660000e+05     1.053391e-19
 1.680000e+05     1.068907e-19
 1.700000e+05     1.096328e-19
 1.720000e+05     1.131048e-19
 1.740000e+05     1.149728e-19
 1.760000e+05     1.161543e-19
 1.780000e+05     1.158008e-19
 1.800000e+05     1.159088e-19
 1.820000e+05     1.155345e-19
 1.840000e+05     1.150483e-19
 1.860000e+05     1.147540e-19
 1.880000e+05     1.178006e-19
 1.900000e+05     1.188740e-19
 1.920000e+05     1.181644e-19
 1.940000e+05     1.177241e-19
 1.960000e+05     1.169217e-19
 1.980000e+05     1.168577e-19
 2.000000e+05     1.168588e-19
 2.020000e+05     1.168605e-19
 2.040000e+05     1.169824e-19
 2.060000e+05     1.173245e-19
 2.080000e+05     1.179274e-19
 2.100000e+05     1.184874e-19
 2.120000e+05     1.191280e-19
 2.140000e+05     1.198995e-19
 2.160000e+05     1.207970e-19
 2.180000e+05     1.218160e-19
 2.200000e+05     1.228410e-19
 2.220000e+05     1.238886e-19
 2.240000e+05     1.250769e-19
 2.260000e+05     1.263635e-19
 2.280000e+05     1.277083e-19
 2.300000e+05     1.290317e-19
 2.320000e+05     1.304109e-19
 2.340000e+05     1.318769e-19
 2.360000e+05     1.333648e-19
 2.380000e+05     1.348388e-19
 2.400000e+05     1.363294e-19
 2.420000e+05     1.379025e-19
 2.440000e+05     1.395325e-19
 2.460000e+05     1.411613e-19
 2.480000e+05     1.427788e-19
 2.500000e+05     1.444187e-19
 2.520000e+05     1.460977e-19
 2.540000e+05     1.477955e-19
 2.560000e+05     1.495615e-19
 2.580000e+05     1.516997e-19
 2.600000e+05     1.543661e-19
 2.620000e+05     1.567623e-19
 2.640000e+05     1.586610e-19
 2.660000e+05     1.605576e-19
 2.680000e+05     1.626125e-19
 2.700000e+05     1.646543e-19
 2.720000e+05     1.668083e-19
 2.740000e+05     1.690827e-19
 2.760000e+05     1.714009e-19
 2.780000e+05     1.737599e-19
 2.800000e+05     1.762039e-19
 2.820000e+05     1.789799e-19
 2.840000e+05     1.818550e-19
 2.860000e+05     1.844724e-19
 2.880000e+05     1.869816e-19
 2.900000e+05     1.896315e-19
 2.920000e+05     1.923218e-19
 2.940000e+05     1.950046e-19
 2.960000e+05     1.978298e-19
 2.980000e+05     2.007460e-19
 3.000000e+05     2.037157e-19
 3.020000e+05     2.067491e-19
 3.040000e+05     2.098459e-19
 3.060000e+05     2.129611e-19
 3.080000e+05     2.161258e-19
 3.100000e+05     2.194217e-19
 3.120000e+05     2.228037e-19
 3.140000e+05     2.262567e-19
 3.160000e+05     2.297895e-19
 3.180000e+05     2.334040e-19
 3.200000e+05     2.371191e-19
 3.220000e+05     2.409896e-19
 3.240000e+05     2.450275e-19
 3.260000e+05     2.492339e-19
 3.280000e+05     2.536134e-19
 3.300000e+05     2.581637e-19
 3.320000e+05     2.630279e-19
 3.340000e+05     2.699880e-19
 3.360000e+05     2.798924e-19
 3.380000e+05     2.870424e-19
 3.400000e+05     2.917957e-19
 3.420000e+05     2.955716e-19
 3.440000e+05     2.994029e-19
 3.460000e+05     3.046135e-19
 3.480000e+05     3.142331e-19
 3.500000e+05     3.262656e-19
 3.520000e+05     3.329899e-19
 3.540000e+05     3.376989e-19
 3.560000e+05     3.404814e-19
 3.580000e+05     3.445537e-19
 3.600000e+05     3.494389e-19
 3.620000e+05     3.530866e-19
 3.640000e+05     3.567639e-19
 3.660000e+05     3.612772e-19
 3.680000e+05     3.659536e-19
 3.700000e+05     3.704943e-19
 3.720000e+05     3.750423e-19
 3.740000e+05     3.796930e-19
 3.760000e+05     3.843633e-19
 3.780000e+05     3.889916e-19
 3.800000e+05     3.936933e-19
 3.820000e+05     3.985588e-19
 3.840000e+05     4.035690e-19
 3.860000e+05     4.086312e-19
 3.880000e+05     4.137130e-19
 3.900000e+05     4.188834e-19
 3.920000e+05     4.240778e-19
 4.320000e+05     5.347904e-19
 4.760000e+05     6.666800e-19
 5.250000e+05     8.193147e-19
 5.790000e+05     9.905117e-19
 6.390000e+05     1.182512e-18
 7.040000e+05     1.392680e-18
 7.760000e+05     1.722610e-18
 8.560000e+05     2.215422e-18
 9.430000e+05     2.871800e-18
 1.040000e+06     3.672261e-18
 1.147000e+06     4.541141e-18
 1.264000e+06     5.372580e-18
 1.394000e+06     6.068918e-18
 1.537000e+06     6.533457e-18
 1.694000e+06     6.715282e-18
 1.868000e+06     6.607155e-18
 2.059000e+06     6.242533e-18
 2.270000e+06     5.680750e-18
 2.503000e+06     4.995090e-18
 2.760000e+06     4.257466e-18
 3.043000e+06     3.529193e-18
 3.354000e+06     2.853990e-18
 3.698000e+06     2.254601e-18
 4.077000e+06     1.745572e-18
 4.495000e+06     1.327144e-18
 4.956000e+06     9.928426e-19
 5.464000e+06     7.322979e-19
 6.024000e+06     5.332935e-19
 6.641000e+06     3.840592e-19
 7.322000e+06     2.737398e-19
 8.073000e+06     1.933588e-19
 8.900000e+06     1.355562e-19
 9.813000e+06     9.488279e-20
 1.082000e+07     6.645312e-20
 1.193000e+07     4.663117e-20
 1.315000e+07     3.282490e-20
 1.450000e+07     2.313806e-20
 1.598000e+07     1.637603e-20
 1.762000e+07     1.160457e-20
 1.943000e+07     8.255309e-21
 2.142000e+07     5.914831e-21
 2.362000e+07     4.273008e-21
 2.604000e+07     3.129049e-21
 2.871000e+07     2.329333e-21
 3.165000e+07     1.780825e-21
 3.489000e+07     1.401504e-21
 3.847000e+07     1.146448e-21
 4.241000e+07     9.796896e-22
 4.676000e+07     8.744108e-22
 5.155000e+07     8.131083e-22
 5.683000e+07     7.843076e-22
 6.266000e+07     7.832472e-22
 6.908000e+07     8.008732e-22
 7.616000e+07     8.329250e-22
 8.397000e+07     8.742892e-22
 9.258000e+07     9.295347e-22
 1.020700e+08     9.917869e-22
 1.125300e+08     1.063190e-21
 1.240600e+08     1.144477e-21
 1.367800e+08     1.231684e-21
 1.508000e+08     1.327988e-21
 1.662500e+08     1.436213e-21
 1.833000e+08     1.550951e-21
 2.020800e+08     1.676112e-21
 2.228000e+08     1.809453e-21
 2.456300e+08     1.955550e-21
 2.708100e+08     2.114976e-21
 2.985700e+08     2.285701e-21
 3.291700e+08     2.471189e-21
 3.629100e+08     2.670042e-21
 4.001100e+08     2.884980e-21
 4.411200e+08     3.118264e-21
 4.863400e+08     3.371024e-21
 5.361900e+08     3.643969e-21
 5.911500e+08     3.941692e-21
 6.517400e+08     4.262897e-21
 7.185400e+08     4.609557e-21
 7.921900e+08     4.983861e-21
 8.733900e+08     5.387316e-21
 9.629200e+08     5.823757e-21
 1.000000e+09     6.002221e-21
