## EBL from Khaire & Srianand 2018; Q18 Model with alpha=-1.8 
## Column1:wavelength (Angstrom);  Column2:EBL specific intensity J_nu (erg/s/cm^2/Hz/Sr)
## ===========================================================================================
 1.000000e-08     8.919586e-37
 1.122019e-08     1.298976e-36
 1.258925e-08     1.872982e-36
 1.412538e-08     2.659815e-36
 1.584893e-08     3.712291e-36
 1.778279e-08     5.091138e-36
 1.995263e-08     6.866022e-36
 2.238721e-08     9.116712e-36
 2.511887e-08     1.193457e-35
 2.818382e-08     1.542405e-35
 3.162278e-08     1.970484e-35
 3.548135e-08     2.491397e-35
 3.981071e-08     3.120870e-35
 4.466837e-08     3.876993e-35
 5.011870e-08     4.780569e-35
 5.623413e-08     5.855615e-35
 6.309576e-08     7.129832e-35
 7.079456e-08     8.635229e-35
 7.943284e-08     1.040888e-34
 8.912505e-08     1.249361e-34
 1.000000e-07     1.493910e-34
 1.122019e-07     1.780286e-34
 1.258925e-07     2.115146e-34
 1.412538e-07     2.506219e-34
 1.584892e-07     2.962442e-34
 1.778279e-07     3.494200e-34
 1.995263e-07     4.113509e-34
 2.238721e-07     4.834292e-34
 2.511887e-07     5.672710e-34
 2.818382e-07     6.647466e-34
 3.162278e-07     7.780269e-34
 3.548136e-07     9.096254e-34
 3.981071e-07     1.062454e-33
 4.466837e-07     1.239893e-33
 5.011870e-07     1.445853e-33
 5.623413e-07     1.684872e-33
 6.309576e-07     1.962205e-33
 7.079456e-07     2.283941e-33
 7.943284e-07     2.657145e-33
 8.912505e-07     3.089988e-33
 1.000000e-06     3.591962e-33
 1.122019e-06     4.174046e-33
 1.258925e-06     4.848962e-33
 1.412538e-06     5.631480e-33
 1.584893e-06     6.538677e-33
 1.778279e-06     7.590373e-33
 1.995263e-06     8.809528e-33
 2.238721e-06     1.022272e-32
 2.511887e-06     1.186081e-32
 2.818382e-06     1.375948e-32
 3.162278e-06     1.596016e-32
 3.548136e-06     1.851080e-32
 3.981071e-06     2.146695e-32
 4.466837e-06     2.489307e-32
 5.011870e-06     2.886373e-32
 5.623413e-06     3.346550e-32
 6.309576e-06     3.879856e-32
 7.079456e-06     4.497897e-32
 7.943284e-06     5.214142e-32
 8.912505e-06     6.044172e-32
 1.000000e-05     7.006073e-32
 1.122019e-05     8.120776e-32
 1.258925e-05     9.412528e-32
 1.412538e-05     1.090948e-31
 1.584893e-05     1.264418e-31
 1.778279e-05     1.465439e-31
 1.995263e-05     1.698388e-31
 2.238721e-05     1.968331e-31
 2.511887e-05     2.281145e-31
 2.818382e-05     2.643634e-31
 3.162278e-05     3.063691e-31
 3.548135e-05     3.550453e-31
 3.981071e-05     4.114508e-31
 4.466837e-05     4.768138e-31
 5.011870e-05     5.525553e-31
 5.623413e-05     6.403247e-31
 6.309577e-05     7.420313e-31
 7.079457e-05     8.598863e-31
 7.943284e-05     9.964562e-31
 8.912505e-05     1.154710e-30
 1.000000e-04     1.338094e-30
 1.122018e-04     1.550595e-30
 1.258926e-04     1.796761e-30
 1.412538e-04     2.079117e-30
 1.584893e-04     2.403708e-30
 1.778279e-04     2.778113e-30
 1.995262e-04     3.211298e-30
 2.238722e-04     3.713749e-30
 2.511887e-04     4.297688e-30
 2.818383e-04     4.977399e-30
 3.162278e-04     5.769623e-30
 3.548134e-04     6.694032e-30
 3.981073e-04     7.773821e-30
 4.466837e-04     9.036355e-30
 5.011873e-04     1.051400e-29
 5.623413e-04     1.224504e-29
 6.309572e-04     1.427485e-29
 7.079460e-04     1.665719e-29
 7.943284e-04     1.945579e-29
 8.912510e-04     2.274635e-29
 1.000000e-03     2.661877e-29
 1.122018e-03     3.117982e-29
 1.258926e-03     3.655658e-29
 1.412538e-03     4.290001e-29
 1.584893e-03     5.038998e-29
 1.778279e-03     5.924070e-29
 1.995262e-03     6.970732e-29
 2.238722e-03     8.209406e-29
 2.511887e-03     9.676351e-29
 2.818383e-03     1.141485e-28
 3.162278e-03     1.347655e-28
 3.548133e-03     1.592311e-28
 3.981073e-03     1.882821e-28
 4.466837e-03     2.227983e-28
 5.011873e-03     2.638322e-28
 5.623413e-03     3.126432e-28
 6.309573e-03     3.707425e-28
 7.079460e-03     4.399497e-28
 7.943284e-03     5.224689e-28
 8.912510e-03     6.209937e-28
 1.000000e-02     7.388457e-28
 1.122019e-02     8.801567e-28
 1.258925e-02     1.050090e-27
 1.412538e-02     1.255115e-27
 1.584894e-02     1.503289e-27
 1.778279e-02     1.804584e-27
 1.995263e-02     2.171215e-27
 2.238721e-02     2.617953e-27
 2.511887e-02     3.162489e-27
 2.818385e-02     3.825780e-27
 3.162277e-02     4.632453e-27
 3.548136e-02     5.611341e-27
 3.981071e-02     6.795998e-27
 4.466837e-02     8.225567e-27
 5.011876e-02     9.945637e-27
 5.623413e-02     1.200946e-26
 6.309576e-02     1.447954e-26
 7.079456e-02     1.742927e-26
 7.943284e-02     2.094533e-26
 8.912515e-02     2.513022e-26
 1.000000e-01     3.010545e-26
 1.122019e-01     3.601684e-26
 1.258925e-01     4.295961e-26
 1.412538e-01     5.088191e-26
 1.584894e-01     5.969939e-26
 1.778279e-01     6.931319e-26
 1.995263e-01     7.962224e-26
 2.238721e-01     9.053034e-26
 2.511887e-01     1.019507e-25
 2.818385e-01     1.138071e-25
 3.162278e-01     1.260340e-25
 3.548135e-01     1.385773e-25
 3.981071e-01     1.513923e-25
 4.466837e-01     1.644446e-25
 5.011876e-01     1.777083e-25
 5.623413e-01     1.911658e-25
 6.309576e-01     2.048071e-25
 7.079456e-01     2.186282e-25
 7.943284e-01     2.326313e-25
 8.912515e-01     2.468231e-25
 1.000000e+00     2.612143e-25
 1.122019e+00     2.758190e-25
 1.258925e+00     2.906535e-25
 1.412538e+00     3.057366e-25
 1.584894e+00     3.210882e-25
 1.778279e+00     3.367295e-25
 1.995263e+00     3.526833e-25
 2.238721e+00     3.689727e-25
 2.511887e+00     3.856228e-25
 2.818385e+00     4.026604e-25
 3.162278e+00     4.201149e-25
 3.548136e+00     4.380201e-25
 3.981071e+00     4.564150e-25
 4.466837e+00     4.753470e-25
 5.011876e+00     4.948739e-25
 5.623413e+00     5.150671e-25
 6.309576e+00     5.359412e-25
 7.079456e+00     5.563270e-25
 7.943284e+00     5.780126e-25
 8.912516e+00     6.031480e-25
 1.000000e+01     6.339667e-25
 1.122019e+01     6.727579e-25
 1.258925e+01     7.219230e-25
 1.412538e+01     7.840806e-25
 1.584894e+01     8.621645e-25
 1.778279e+01     9.595052e-25
 1.995263e+01     1.079867e-24
 2.238721e+01     1.227406e-24
 2.511887e+01     1.406547e-24
 2.818385e+01     1.621698e-24
 3.162278e+01     1.876819e-24
 3.548135e+01     2.174696e-24
 3.981071e+01     2.516019e-24
 4.466837e+01     2.889750e-24
 5.011876e+01     3.322369e-24
 5.623413e+01     3.767827e-24
 6.309576e+01     4.291621e-24
 7.079456e+01     4.904965e-24
 7.943284e+01     5.562959e-24
 8.912515e+01     6.337049e-24
 1.000000e+02     7.283504e-24
 1.120000e+02     8.349144e-24
 1.250000e+02     9.539990e-24
 1.400000e+02     1.091590e-23
 1.550000e+02     1.226129e-23
 1.650000e+02     1.315653e-23
 1.750000e+02     1.402415e-23
 1.850000e+02     1.484062e-23
 1.900000e+02     1.525759e-23
 1.950000e+02     1.567792e-23
 2.000000e+02     1.609392e-23
 2.050000e+02     1.657531e-23
 2.100000e+02     1.716310e-23
 2.150000e+02     1.797656e-23
 2.180000e+02     1.869487e-23
 2.210000e+02     1.973095e-23
 2.240000e+02     2.111505e-23
 2.260000e+02     2.242777e-23
 2.270000e+02     2.317919e-23
 2.275000e+02     2.361083e-23
 2.278400e+02     2.395158e-23
 2.380000e+02     2.908706e-23
 2.500000e+02     3.546583e-23
 2.700000e+02     4.492328e-23
 2.900000e+02     5.438191e-23
 3.035000e+02     6.060771e-23
 3.037800e+02     8.455494e-23
 3.045000e+02     8.479667e-23
 3.060000e+02     8.536497e-23
 3.080000e+02     8.655232e-23
 3.100000e+02     8.728334e-23
 3.120000e+02     8.804228e-23
 3.150000e+02     8.918104e-23
 3.200000e+02     9.111656e-23
 3.250000e+02     9.279510e-23
 3.300000e+02     9.443214e-23
 3.400000e+02     9.741561e-23
 3.600000e+02     1.032409e-22
 3.800000e+02     1.092825e-22
 4.050000e+02     1.161973e-22
 4.250000e+02     1.227767e-22
 4.500000e+02     1.313399e-22
 4.650000e+02     1.374752e-22
 4.750000e+02     1.412379e-22
 4.820000e+02     1.439405e-22
 4.870000e+02     1.458977e-22
 4.910000e+02     1.474882e-22
 4.950000e+02     1.498726e-22
 4.980000e+02     1.513336e-22
 5.000000e+02     1.523149e-22
 5.020000e+02     1.532310e-22
 5.039800e+02     1.540314e-22
 5.100000e+02     1.566931e-22
 5.250000e+02     1.643179e-22
 5.600000e+02     1.830462e-22
 6.000000e+02     2.042895e-22
 6.500000e+02     2.324681e-22
 7.000000e+02     2.633750e-22
 7.500000e+02     2.965480e-22
 8.000000e+02     3.319528e-22
 8.300000e+02     3.556529e-22
 8.600000e+02     3.813730e-22
 8.800000e+02     4.005113e-22
 8.900000e+02     4.097247e-22
 8.960000e+02     4.169193e-22
 9.000000e+02     4.210295e-22
 9.030000e+02     4.241341e-22
 9.060000e+02     4.272587e-22
 9.090000e+02     4.304027e-22
 9.117800e+02     4.333336e-22
 9.300000e+02     5.813466e-22
 9.500000e+02     6.427147e-22
 9.750000e+02     8.881676e-22
 9.900000e+02     9.553995e-22
 1.005000e+03     1.124434e-21
 1.025000e+03     1.331643e-21
 1.045000e+03     1.559214e-21
 1.065000e+03     1.846994e-21
 1.085000e+03     2.180134e-21
 1.105000e+03     2.495838e-21
 1.125000e+03     2.867411e-21
 1.145000e+03     3.227055e-21
 1.165000e+03     3.636155e-21
 1.185000e+03     4.040421e-21
 1.205000e+03     4.443169e-21
 1.215600e+03     4.647296e-21
 1.215670e+03     4.755692e-21
 1.216000e+03     4.761189e-21
 1.218000e+03     4.794682e-21
 1.221000e+03     4.843149e-21
 1.225000e+03     4.905413e-21
 1.230000e+03     4.992231e-21
 1.240000e+03     5.193185e-21
 1.250000e+03     5.403162e-21
 1.265000e+03     5.786518e-21
 1.285000e+03     6.303493e-21
 1.305000e+03     6.846566e-21
 1.325000e+03     7.390886e-21
 1.345000e+03     7.952453e-21
 1.365000e+03     8.537450e-21
 1.385000e+03     9.118630e-21
 1.405000e+03     9.698372e-21
 1.425000e+03     1.026634e-20
 1.442000e+03     1.074951e-20
 1.455000e+03     1.113196e-20
 1.475000e+03     1.174142e-20
 1.517000e+03     1.293990e-20
 1.595000e+03     1.506025e-20
 1.672000e+03     1.712835e-20
 1.745000e+03     1.900438e-20
 1.825000e+03     2.096310e-20
 1.905000e+03     2.273644e-20
 1.984000e+03     2.429520e-20
 2.065000e+03     2.567987e-20
 2.135000e+03     2.665604e-20
 2.215000e+03     2.765496e-20
 2.295000e+03     2.857545e-20
 2.375000e+03     2.947536e-20
 2.455000e+03     3.041679e-20
 2.525000e+03     3.124022e-20
 2.605000e+03     3.219524e-20
 2.685000e+03     3.327583e-20
 2.765000e+03     3.430463e-20
 2.845000e+03     3.517291e-20
 2.950000e+03     3.651638e-20
 3.110000e+03     3.856290e-20
 3.270000e+03     4.047476e-20
 3.430000e+03     4.236572e-20
 3.590000e+03     4.419372e-20
 3.730000e+03     4.588678e-20
 3.890000e+03     4.948094e-20
 4.050000e+03     5.307906e-20
 4.210000e+03     5.890764e-20
 4.370000e+03     6.432293e-20
 4.530000e+03     6.973669e-20
 4.690000e+03     7.521815e-20
 4.850000e+03     8.020975e-20
 5.010000e+03     8.460295e-20
 5.170000e+03     8.912440e-20
 5.330000e+03     9.340351e-20
 5.490000e+03     9.763515e-20
 5.650000e+03     1.017883e-19
 5.810000e+03     1.058586e-19
 5.970000e+03     1.095360e-19
 6.130000e+03     1.131541e-19
 6.290000e+03     1.164381e-19
 6.450000e+03     1.196301e-19
 6.610000e+03     1.225332e-19
 6.770000e+03     1.254657e-19
 6.930000e+03     1.281894e-19
 7.090000e+03     1.307275e-19
 7.250000e+03     1.331373e-19
 7.410000e+03     1.354431e-19
 7.570000e+03     1.376810e-19
 7.730000e+03     1.399528e-19
 7.890000e+03     1.420721e-19
 8.050000e+03     1.441098e-19
 8.210000e+03     1.460516e-19
 8.370000e+03     1.479611e-19
 8.530000e+03     1.497280e-19
 8.690000e+03     1.514648e-19
 8.850000e+03     1.533004e-19
 9.010000e+03     1.550699e-19
 9.170000e+03     1.567750e-19
 9.330000e+03     1.585065e-19
 9.490000e+03     1.604341e-19
 9.650000e+03     1.620141e-19
 9.810000e+03     1.637243e-19
 9.970000e+03     1.653662e-19
 1.050000e+04     1.702052e-19
 1.150000e+04     1.765970e-19
 1.250000e+04     1.817078e-19
 1.350000e+04     1.855255e-19
 1.450000e+04     1.888254e-19
 1.550000e+04     1.922922e-19
 1.650000e+04     1.951923e-19
 1.750000e+04     1.962982e-19
 1.850000e+04     1.954853e-19
 1.950000e+04     1.930468e-19
 2.050000e+04     1.896794e-19
 2.150000e+04     1.857834e-19
 2.250000e+04     1.813071e-19
 2.350000e+04     1.758561e-19
 2.450000e+04     1.692757e-19
 2.550000e+04     1.632262e-19
 2.650000e+04     1.572365e-19
 2.750000e+04     1.518343e-19
 2.850000e+04     1.468167e-19
 2.950000e+04     1.420257e-19
 3.050000e+04     1.374204e-19
 3.150000e+04     1.329710e-19
 3.250000e+04     1.286452e-19
 3.350000e+04     1.244318e-19
 3.450000e+04     1.203475e-19
 3.550000e+04     1.164264e-19
 3.650000e+04     1.126468e-19
 3.750000e+04     1.091514e-19
 3.850000e+04     1.058112e-19
 3.950000e+04     1.024663e-19
 4.050000e+04     9.923943e-20
 4.150000e+04     9.611336e-20
 4.250000e+04     9.311157e-20
 4.350000e+04     9.016482e-20
 4.450000e+04     8.734273e-20
 4.550000e+04     8.478300e-20
 4.650000e+04     8.250842e-20
 4.750000e+04     8.046318e-20
 4.850000e+04     7.860930e-20
 4.950000e+04     7.696068e-20
 5.050000e+04     7.554944e-20
 5.150000e+04     7.439551e-20
 5.250000e+04     7.401709e-20
 5.350000e+04     7.521923e-20
 5.450000e+04     7.597280e-20
 5.550000e+04     7.646117e-20
 5.650000e+04     7.776602e-20
 5.750000e+04     8.045836e-20
 5.850000e+04     8.283604e-20
 5.950000e+04     8.550139e-20
 6.050000e+04     9.037421e-20
 6.150000e+04     9.843190e-20
 6.250000e+04     1.165669e-19
 6.350000e+04     1.301815e-19
 6.450000e+04     1.358473e-19
 6.550000e+04     1.381533e-19
 6.650010e+04     1.427358e-19
 6.750010e+04     1.464138e-19
 6.850010e+04     1.498763e-19
 6.950010e+04     1.550640e-19
 7.020000e+04     1.601708e-19
 7.100000e+04     1.656990e-19
 7.180000e+04     1.719538e-19
 7.260000e+04     1.786169e-19
 7.340000e+04     1.868166e-19
 7.420000e+04     1.984049e-19
 7.500000e+04     2.140315e-19
 7.580000e+04     2.328574e-19
 7.660000e+04     2.537609e-19
 7.740000e+04     2.731825e-19
 7.820000e+04     2.910286e-19
 7.900000e+04     3.066965e-19
 7.980000e+04     3.187666e-19
 8.060000e+04     3.276959e-19
 8.140000e+04     3.336553e-19
 8.220000e+04     3.380555e-19
 8.300000e+04     3.418983e-19
 8.380000e+04     3.456419e-19
 8.460000e+04     3.489863e-19
 8.540000e+04     3.528868e-19
 8.620000e+04     3.572551e-19
 8.700000e+04     3.603438e-19
 8.780000e+04     3.606482e-19
 8.860000e+04     3.584868e-19
 8.940000e+04     3.548977e-19
 9.020000e+04     3.505267e-19
 9.100000e+04     3.457712e-19
 9.180000e+04     3.408233e-19
 9.260000e+04     3.358201e-19
 9.340000e+04     3.306351e-19
 9.420000e+04     3.254474e-19
 9.500000e+04     3.204536e-19
 9.580000e+04     3.156078e-19
 9.660000e+04     3.113959e-19
 9.740000e+04     3.074193e-19
 9.820000e+04     3.029717e-19
 9.900000e+04     2.984907e-19
 9.980000e+04     2.940665e-19
 1.006000e+05     2.897885e-19
 1.020000e+05     2.829303e-19
 1.040000e+05     2.740813e-19
 1.060000e+05     2.689201e-19
 1.080000e+05     2.660831e-19
 1.100000e+05     2.650328e-19
 1.120000e+05     2.767415e-19
 1.140000e+05     3.044892e-19
 1.160000e+05     3.182271e-19
 1.180000e+05     3.200901e-19
 1.200000e+05     3.301255e-19
 1.220000e+05     3.395472e-19
 1.240000e+05     3.515464e-19
 1.260000e+05     3.663243e-19
 1.280000e+05     3.919387e-19
 1.300000e+05     4.134137e-19
 1.320000e+05     4.222819e-19
 1.340000e+05     4.224993e-19
 1.360000e+05     4.343685e-19
 1.380000e+05     4.393634e-19
 1.400000e+05     4.417464e-19
 1.420000e+05     4.500376e-19
 1.440000e+05     4.542362e-19
 1.460000e+05     4.583381e-19
 1.480000e+05     4.642017e-19
 1.500000e+05     4.685998e-19
 1.520000e+05     4.740150e-19
 1.540000e+05     4.797312e-19
 1.560000e+05     4.882167e-19
 1.580000e+05     4.962410e-19
 1.600000e+05     5.036481e-19
 1.620000e+05     5.118961e-19
 1.640000e+05     5.232674e-19
 1.660000e+05     5.383866e-19
 1.680000e+05     5.522344e-19
 1.700000e+05     5.678498e-19
 1.720000e+05     5.848380e-19
 1.740000e+05     5.998415e-19
 1.760000e+05     6.135721e-19
 1.780000e+05     6.235291e-19
 1.800000e+05     6.347160e-19
 1.820000e+05     6.451700e-19
 1.840000e+05     6.552964e-19
 1.860000e+05     6.659383e-19
 1.880000e+05     6.837107e-19
 1.900000e+05     6.963168e-19
 1.920000e+05     7.088483e-19
 1.940000e+05     7.211701e-19
 1.960000e+05     7.339502e-19
 1.980000e+05     7.486181e-19
 2.000000e+05     7.642207e-19
 2.020000e+05     7.800142e-19
 2.040000e+05     7.963829e-19
 2.060000e+05     8.138517e-19
 2.080000e+05     8.307049e-19
 2.100000e+05     8.490803e-19
 2.120000e+05     8.682596e-19
 2.140000e+05     8.876912e-19
 2.160000e+05     9.094242e-19
 2.180000e+05     9.326050e-19
 2.200000e+05     9.544002e-19
 2.220000e+05     9.779104e-19
 2.240000e+05     1.003963e-18
 2.260000e+05     1.029341e-18
 2.280000e+05     1.054647e-18
 2.300000e+05     1.082443e-18
 2.320000e+05     1.111844e-18
 2.340000e+05     1.141073e-18
 2.360000e+05     1.170613e-18
 2.380000e+05     1.202123e-18
 2.400000e+05     1.235160e-18
 2.420000e+05     1.268037e-18
 2.440000e+05     1.300805e-18
 2.460000e+05     1.335842e-18
 2.480000e+05     1.372838e-18
 2.500000e+05     1.410147e-18
 2.520000e+05     1.447490e-18
 2.540000e+05     1.486161e-18
 2.560000e+05     1.527048e-18
 2.580000e+05     1.569930e-18
 2.600000e+05     1.613935e-18
 2.620000e+05     1.657750e-18
 2.640000e+05     1.702409e-18
 2.660000e+05     1.748418e-18
 2.680000e+05     1.795857e-18
 2.700000e+05     1.844352e-18
 2.720000e+05     1.893657e-18
 2.740000e+05     1.943232e-18
 2.760000e+05     1.993697e-18
 2.780000e+05     2.046322e-18
 2.800000e+05     2.100897e-18
 2.820000e+05     2.157025e-18
 2.840000e+05     2.212948e-18
 2.860000e+05     2.267968e-18
 2.880000e+05     2.323604e-18
 2.900000e+05     2.381336e-18
 2.920000e+05     2.440351e-18
 2.940000e+05     2.500541e-18
 2.960000e+05     2.562544e-18
 2.980000e+05     2.624527e-18
 3.000000e+05     2.686488e-18
 3.020000e+05     2.750248e-18
 3.040000e+05     2.815782e-18
 3.060000e+05     2.881698e-18
 3.080000e+05     2.949540e-18
 3.100000e+05     3.017382e-18
 3.120000e+05     3.084479e-18
 3.140000e+05     3.153324e-18
 3.160000e+05     3.225421e-18
 3.180000e+05     3.297468e-18
 3.200000e+05     3.372253e-18
 3.220000e+05     3.448683e-18
 3.240000e+05     3.525845e-18
 3.260000e+05     3.605145e-18
 3.280000e+05     3.684496e-18
 3.300000e+05     3.766263e-18
 3.320000e+05     3.849214e-18
 3.340000e+05     3.940492e-18
 3.360000e+05     4.039538e-18
 3.380000e+05     4.133663e-18
 3.400000e+05     4.220312e-18
 3.420000e+05     4.307325e-18
 3.440000e+05     4.398987e-18
 3.460000e+05     4.492259e-18
 3.480000e+05     4.592693e-18
 3.500000e+05     4.699224e-18
 3.520000e+05     4.794113e-18
 3.540000e+05     4.886402e-18
 3.560000e+05     4.976192e-18
 3.580000e+05     5.063578e-18
 3.600000e+05     5.155683e-18
 3.620000e+05     5.247679e-18
 3.640000e+05     5.336241e-18
 3.660000e+05     5.425469e-18
 3.680000e+05     5.518012e-18
 3.700000e+05     5.610160e-18
 3.720000e+05     5.704234e-18
 3.740000e+05     5.799604e-18
 3.760000e+05     5.892298e-18
 3.780000e+05     5.987355e-18
 3.800000e+05     6.085134e-18
 3.820000e+05     6.184601e-18
 3.840000e+05     6.283673e-18
 3.860000e+05     6.384384e-18
 3.880000e+05     6.486383e-18
 3.900000e+05     6.588280e-18
 3.920000e+05     6.690923e-18
 4.320000e+05     8.946842e-18
 4.760000e+05     1.169964e-17
 5.250000e+05     1.494467e-17
 5.790000e+05     1.856476e-17
 6.390000e+05     2.243219e-17
 7.040000e+05     2.613666e-17
 7.760000e+05     2.936662e-17
 8.560000e+05     3.179541e-17
 9.430000e+05     3.319156e-17
 1.040000e+06     3.352144e-17
 1.147000e+06     3.282472e-17
 1.264000e+06     3.126598e-17
 1.394000e+06     2.902106e-17
 1.537000e+06     2.633732e-17
 1.694000e+06     2.343229e-17
 1.868000e+06     2.046573e-17
 2.059000e+06     1.761287e-17
 2.270000e+06     1.495936e-17
 2.503000e+06     1.257159e-17
 2.760000e+06     1.048041e-17
 3.043000e+06     8.689497e-18
 3.354000e+06     7.181336e-18
 3.698000e+06     5.917854e-18
 4.077000e+06     4.871480e-18
 4.495000e+06     4.006949e-18
 4.956000e+06     3.293161e-18
 5.464000e+06     2.703596e-18
 6.024000e+06     2.215685e-18
 6.641000e+06     1.811900e-18
 7.322000e+06     1.477811e-18
 8.073000e+06     1.202889e-18
 8.900000e+06     9.786377e-19
 9.813000e+06     7.971926e-19
 1.082000e+07     6.524181e-19
 1.193000e+07     5.386316e-19
 1.315000e+07     4.508686e-19
 1.450000e+07     3.840500e-19
 1.598000e+07     3.347054e-19
 1.762000e+07     2.989151e-19
 1.943000e+07     2.740508e-19
 2.142000e+07     2.578154e-19
 2.362000e+07     2.482502e-19
 2.604000e+07     2.439249e-19
 2.871000e+07     2.436819e-19
 3.165000e+07     2.466612e-19
 3.489000e+07     2.522130e-19
 3.847000e+07     2.598691e-19
 4.241000e+07     2.692421e-19
 4.676000e+07     2.801007e-19
 5.155000e+07     2.922249e-19
 5.683000e+07     3.054997e-19
 6.266000e+07     3.198651e-19
 6.908000e+07     3.352378e-19
 7.616000e+07     3.516031e-19
 8.397000e+07     3.689698e-19
 9.258000e+07     3.873328e-19
 1.020700e+08     4.067036e-19
 1.125300e+08     4.271063e-19
 1.240600e+08     4.485924e-19
 1.367800e+08     4.712200e-19
 1.508000e+08     4.950066e-19
 1.662500e+08     5.200116e-19
 1.833000e+08     5.463291e-19
 2.020800e+08     5.739617e-19
 2.228000e+08     6.030337e-19
 2.456300e+08     6.335641e-19
 2.708100e+08     6.656697e-19
 2.985700e+08     6.994138e-19
 3.291700e+08     7.348727e-19
 3.629100e+08     7.721503e-19
 4.001100e+08     8.113291e-19
 4.411200e+08     8.524998e-19
 4.863400e+08     8.957650e-19
 5.361900e+08     9.412375e-19
 5.911500e+08     9.890357e-19
 6.517400e+08     1.039275e-18
 7.185400e+08     1.092075e-18
 7.921900e+08     1.147560e-18
 8.733900e+08     1.205868e-18
 9.629200e+08     1.267153e-18
 1.000000e+09     1.291710e-18
