## EBL from Khaire & Srianand 2018; Q18 Model with alpha=-1.8 
## Column1:wavelength (Angstrom);  Column2:EBL specific intensity J_nu (erg/s/cm^2/Hz/Sr)
## ===========================================================================================
 1.000000e-08     1.258077e-37
 1.122019e-08     1.828749e-37
 1.258925e-08     2.616272e-37
 1.412538e-08     3.669383e-37
 1.584893e-08     5.046249e-37
 1.778279e-08     6.814713e-37
 1.995263e-08     9.052886e-37
 2.238721e-08     1.185015e-36
 2.511887e-08     1.530876e-36
 2.818382e-08     1.954553e-36
 3.162278e-08     2.469434e-36
 3.548135e-08     3.090868e-36
 3.981071e-08     3.836499e-36
 4.466837e-08     4.726662e-36
 5.011870e-08     5.784782e-36
 5.623413e-08     7.037952e-36
 6.309576e-08     8.517458e-36
 7.079456e-08     1.025950e-35
 7.943284e-08     1.230602e-35
 8.912505e-08     1.470554e-35
 1.000000e-07     1.751436e-35
 1.122019e-07     2.079762e-35
 1.258925e-07     2.463081e-35
 1.412538e-07     2.910157e-35
 1.584892e-07     3.431125e-35
 1.778279e-07     4.037760e-35
 1.995263e-07     4.743687e-35
 2.238721e-07     5.564699e-35
 2.511887e-07     6.519119e-35
 2.818382e-07     7.628159e-35
 3.162278e-07     8.916434e-35
 3.548136e-07     1.041245e-34
 3.981071e-07     1.214921e-34
 4.466837e-07     1.416507e-34
 5.011870e-07     1.650434e-34
 5.623413e-07     1.921850e-34
 6.309576e-07     2.236714e-34
 7.079456e-07     2.601927e-34
 7.943284e-07     3.025500e-34
 8.912505e-07     3.516699e-34
 1.000000e-06     4.086284e-34
 1.122019e-06     4.746703e-34
 1.258925e-06     5.512381e-34
 1.412538e-06     6.400063e-34
 1.584893e-06     7.429108e-34
 1.778279e-06     8.621990e-34
 1.995263e-06     1.000474e-33
 2.238721e-06     1.160750e-33
 2.511887e-06     1.346523e-33
 2.818382e-06     1.561841e-33
 3.162278e-06     1.811399e-33
 3.548136e-06     2.100636e-33
 3.981071e-06     2.435846e-33
 4.466837e-06     2.824341e-33
 5.011870e-06     3.274574e-33
 5.623413e-06     3.796359e-33
 6.309576e-06     4.401052e-33
 7.079456e-06     5.101814e-33
 7.943284e-06     5.913916e-33
 8.912505e-06     6.855018e-33
 1.000000e-05     7.945627e-33
 1.122019e-05     9.209473e-33
 1.258925e-05     1.067404e-32
 1.412538e-05     1.237125e-32
 1.584893e-05     1.433801e-32
 1.778279e-05     1.661712e-32
 1.995263e-05     1.925820e-32
 2.238721e-05     2.231869e-32
 2.511887e-05     2.586522e-32
 2.818382e-05     2.997494e-32
 3.162278e-05     3.473731e-32
 3.548135e-05     4.025592e-32
 3.981071e-05     4.665082e-32
 4.466837e-05     5.406125e-32
 5.011870e-05     6.264830e-32
 5.623413e-05     7.259899e-32
 6.309577e-05     8.412975e-32
 7.079457e-05     9.749128e-32
 7.943284e-05     1.129746e-31
 8.912505e-05     1.309162e-31
 1.000000e-04     1.517069e-31
 1.122018e-04     1.757985e-31
 1.258926e-04     2.036801e-31
 1.412538e-04     2.353575e-31
 1.584893e-04     2.718177e-31
 1.778279e-04     3.140358e-31
 1.995262e-04     3.630650e-31
 2.238722e-04     4.201013e-31
 2.511887e-04     4.865334e-31
 2.818383e-04     5.639913e-31
 3.162278e-04     6.543950e-31
 3.548134e-04     7.600105e-31
 3.981073e-04     8.835165e-31
 4.466837e-04     1.028080e-30
 5.011873e-04     1.197451e-30
 5.623413e-04     1.396071e-30
 6.309572e-04     1.629207e-30
 7.079460e-04     1.903106e-30
 7.943284e-04     2.225181e-30
 8.912510e-04     2.604237e-30
 1.000000e-03     3.050741e-30
 1.122018e-03     3.577135e-30
 1.258926e-03     4.198233e-30
 1.412538e-03     4.931645e-30
 1.584893e-03     5.798364e-30
 1.778279e-03     6.823403e-30
 1.995262e-03     8.036573e-30
 2.238722e-03     9.473436e-30
 2.511887e-03     1.117639e-29
 2.818383e-03     1.319608e-29
 3.162278e-03     1.559297e-29
 3.548133e-03     1.843923e-29
 3.981073e-03     2.182120e-29
 4.466837e-03     2.584196e-29
 5.011873e-03     3.062495e-29
 5.623413e-03     3.631805e-29
 6.309573e-03     4.309908e-29
 7.079460e-03     5.118307e-29
 7.943284e-03     6.083215e-29
 8.912510e-03     7.236941e-29
 1.000000e-02     8.619708e-29
 1.122019e-02     1.028196e-28
 1.258925e-02     1.228708e-28
 1.412538e-02     1.471453e-28
 1.584894e-02     1.766295e-28
 1.778279e-02     2.125344e-28
 1.995263e-02     2.563279e-28
 2.238721e-02     3.097641e-28
 2.511887e-02     3.749185e-28
 2.818385e-02     4.542236e-28
 3.162277e-02     5.505130e-28
 3.548136e-02     6.670844e-28
 3.981071e-02     8.077626e-28
 4.466837e-02     9.770062e-28
 5.011876e-02     1.180015e-27
 5.623413e-02     1.422882e-27
 6.309576e-02     1.712781e-27
 7.079456e-02     2.058168e-27
 7.943284e-02     2.469069e-27
 8.912515e-02     2.957371e-27
 1.000000e-01     3.537208e-27
 1.122019e-01     4.225952e-27
 1.258925e-01     5.023083e-27
 1.412538e-01     5.905423e-27
 1.584894e-01     6.857961e-27
 1.778279e-01     7.869838e-27
 1.995263e-01     8.932402e-27
 2.238721e-01     1.003829e-26
 2.511887e-01     1.118115e-26
 2.818385e-01     1.235555e-26
 3.162278e-01     1.355689e-26
 3.548135e-01     1.478151e-26
 3.981071e-01     1.602655e-26
 4.466837e-01     1.729000e-26
 5.011876e-01     1.857056e-26
 5.623413e-01     1.986760e-26
 6.309576e-01     2.118095e-26
 7.079456e-01     2.251116e-26
 7.943284e-01     2.385912e-26
 8.912515e-01     2.522599e-26
 1.000000e+00     2.661317e-26
 1.122019e+00     2.802228e-26
 1.258925e+00     2.945498e-26
 1.412538e+00     3.091299e-26
 1.584894e+00     3.239796e-26
 1.778279e+00     3.391139e-26
 1.995263e+00     3.545456e-26
 2.238721e+00     3.702831e-26
 2.511887e+00     3.863293e-26
 2.818385e+00     4.026774e-26
 3.162278e+00     4.193070e-26
 3.548136e+00     4.361778e-26
 3.981071e+00     4.532186e-26
 4.466837e+00     4.703145e-26
 5.011876e+00     4.872858e-26
 5.623413e+00     5.038640e-26
 6.309576e+00     5.193137e-26
 7.079456e+00     5.307981e-26
 7.943284e+00     5.424381e-26
 8.912516e+00     5.554921e-26
 1.000000e+01     5.710142e-26
 1.122019e+01     5.872094e-26
 1.258925e+01     6.081067e-26
 1.412538e+01     6.275651e-26
 1.584894e+01     6.494615e-26
 1.778279e+01     6.663234e-26
 1.995263e+01     6.761467e-26
 2.238721e+01     6.769626e-26
 2.511887e+01     6.705451e-26
 2.818385e+01     6.526289e-26
 3.162278e+01     6.241945e-26
 3.548135e+01     5.876768e-26
 3.981071e+01     5.453461e-26
 4.466837e+01     4.995796e-26
 5.011876e+01     4.533740e-26
 5.623413e+01     4.084906e-26
 6.309576e+01     3.669266e-26
 7.079456e+01     3.297305e-26
 7.943284e+01     2.972577e-26
 8.912515e+01     2.696539e-26
 1.000000e+02     2.462486e-26
 1.120000e+02     2.269962e-26
 1.250000e+02     2.115271e-26
 1.400000e+02     1.984777e-26
 1.550000e+02     1.890161e-26
 1.650000e+02     1.841708e-26
 1.750000e+02     1.803347e-26
 1.850000e+02     1.775178e-26
 1.900000e+02     1.770993e-26
 1.950000e+02     1.781574e-26
 2.000000e+02     1.826300e-26
 2.050000e+02     1.942559e-26
 2.100000e+02     2.210680e-26
 2.150000e+02     2.783718e-26
 2.180000e+02     3.387661e-26
 2.210000e+02     4.303032e-26
 2.240000e+02     5.677035e-26
 2.260000e+02     6.940430e-26
 2.270000e+02     7.704784e-26
 2.275000e+02     8.124726e-26
 2.278400e+02     8.425924e-26
 2.380000e+02     1.299292e-23
 2.500000e+02     2.933655e-23
 2.700000e+02     4.448041e-23
 2.900000e+02     5.360757e-23
 3.035000e+02     5.826752e-23
 3.037800e+02     7.523555e-23
 3.045000e+02     7.446100e-23
 3.060000e+02     7.317503e-23
 3.080000e+02     7.161615e-23
 3.100000e+02     7.043763e-23
 3.120000e+02     6.943185e-23
 3.150000e+02     6.836120e-23
 3.200000e+02     6.740710e-23
 3.250000e+02     6.717195e-23
 3.300000e+02     6.745144e-23
 3.400000e+02     6.894673e-23
 3.600000e+02     7.348310e-23
 3.800000e+02     7.852778e-23
 4.050000e+02     8.487448e-23
 4.250000e+02     8.995085e-23
 4.500000e+02     9.630459e-23
 4.650000e+02     1.001691e-22
 4.750000e+02     1.027008e-22
 4.820000e+02     1.044478e-22
 4.870000e+02     1.057164e-22
 4.910000e+02     1.067460e-22
 4.950000e+02     1.077660e-22
 4.980000e+02     1.084940e-22
 5.000000e+02     1.090334e-22
 5.020000e+02     1.095189e-22
 5.039800e+02     1.100520e-22
 5.100000e+02     1.163241e-22
 5.250000e+02     1.286622e-22
 5.600000e+02     1.450699e-22
 6.000000e+02     1.592015e-22
 6.500000e+02     1.756730e-22
 7.000000e+02     1.940194e-22
 7.500000e+02     2.164712e-22
 8.000000e+02     2.453941e-22
 8.300000e+02     2.667844e-22
 8.600000e+02     2.925050e-22
 8.800000e+02     3.123173e-22
 8.900000e+02     3.230611e-22
 8.960000e+02     3.298109e-22
 9.000000e+02     3.344789e-22
 9.030000e+02     3.379570e-22
 9.060000e+02     3.415981e-22
 9.090000e+02     3.452947e-22
 9.117800e+02     3.487782e-22
 9.300000e+02     8.234218e-22
 9.500000e+02     1.626251e-21
 9.750000e+02     2.933217e-21
 9.900000e+02     3.573635e-21
 1.005000e+03     4.342376e-21
 1.025000e+03     5.647748e-21
 1.045000e+03     6.761120e-21
 1.065000e+03     8.302692e-21
 1.085000e+03     9.842378e-21
 1.105000e+03     1.132142e-20
 1.125000e+03     1.288432e-20
 1.145000e+03     1.427275e-20
 1.165000e+03     1.581687e-20
 1.185000e+03     1.714265e-20
 1.205000e+03     1.846503e-20
 1.215600e+03     1.908274e-20
 1.215670e+03     2.065933e-20
 1.216000e+03     2.067454e-20
 1.218000e+03     2.075753e-20
 1.221000e+03     2.087621e-20
 1.225000e+03     2.103384e-20
 1.230000e+03     2.125059e-20
 1.240000e+03     2.180884e-20
 1.250000e+03     2.236324e-20
 1.265000e+03     2.341923e-20
 1.285000e+03     2.478482e-20
 1.305000e+03     2.635964e-20
 1.325000e+03     2.770356e-20
 1.345000e+03     2.907067e-20
 1.365000e+03     3.042168e-20
 1.385000e+03     3.181659e-20
 1.405000e+03     3.297990e-20
 1.425000e+03     3.392087e-20
 1.442000e+03     3.489549e-20
 1.455000e+03     3.570802e-20
 1.475000e+03     3.691179e-20
 1.517000e+03     3.874046e-20
 1.595000e+03     4.172254e-20
 1.672000e+03     4.417877e-20
 1.745000e+03     4.630543e-20
 1.825000e+03     4.823684e-20
 1.905000e+03     4.952376e-20
 1.984000e+03     5.068799e-20
 2.065000e+03     5.142258e-20
 2.135000e+03     5.183538e-20
 2.215000e+03     5.213197e-20
 2.295000e+03     5.238574e-20
 2.375000e+03     5.263451e-20
 2.455000e+03     5.286938e-20
 2.525000e+03     5.306334e-20
 2.605000e+03     5.336903e-20
 2.685000e+03     5.389722e-20
 2.765000e+03     5.419323e-20
 2.845000e+03     5.435491e-20
 2.950000e+03     5.470909e-20
 3.110000e+03     5.522153e-20
 3.270000e+03     5.555203e-20
 3.430000e+03     5.575045e-20
 3.590000e+03     5.587966e-20
 3.730000e+03     5.633221e-20
 3.890000e+03     5.952928e-20
 4.050000e+03     6.334078e-20
 4.210000e+03     6.839848e-20
 4.370000e+03     7.254351e-20
 4.530000e+03     7.636476e-20
 4.690000e+03     7.983552e-20
 4.850000e+03     8.217855e-20
 5.010000e+03     8.440215e-20
 5.170000e+03     8.626789e-20
 5.330000e+03     8.802487e-20
 5.490000e+03     8.961111e-20
 5.650000e+03     9.113213e-20
 5.810000e+03     9.264897e-20
 5.970000e+03     9.378829e-20
 6.130000e+03     9.494320e-20
 6.290000e+03     9.594409e-20
 6.450000e+03     9.680553e-20
 6.610000e+03     9.756713e-20
 6.770000e+03     9.837108e-20
 6.930000e+03     9.904730e-20
 7.090000e+03     9.960909e-20
 7.250000e+03     1.001171e-19
 7.410000e+03     1.006097e-19
 7.570000e+03     1.011475e-19
 7.730000e+03     1.017429e-19
 7.890000e+03     1.022895e-19
 8.050000e+03     1.027625e-19
 8.210000e+03     1.032452e-19
 8.370000e+03     1.037092e-19
 8.530000e+03     1.041366e-19
 8.690000e+03     1.045926e-19
 8.850000e+03     1.052244e-19
 9.010000e+03     1.058084e-19
 9.170000e+03     1.063745e-19
 9.330000e+03     1.070826e-19
 9.490000e+03     1.078128e-19
 9.650000e+03     1.083937e-19
 9.810000e+03     1.090124e-19
 9.970000e+03     1.096174e-19
 1.050000e+04     1.110246e-19
 1.150000e+04     1.121364e-19
 1.250000e+04     1.125611e-19
 1.350000e+04     1.126950e-19
 1.450000e+04     1.129568e-19
 1.550000e+04     1.139999e-19
 1.650000e+04     1.146295e-19
 1.750000e+04     1.140448e-19
 1.850000e+04     1.121956e-19
 1.950000e+04     1.093219e-19
 2.050000e+04     1.062071e-19
 2.150000e+04     1.028949e-19
 2.250000e+04     9.932422e-20
 2.350000e+04     9.488167e-20
 2.450000e+04     9.003472e-20
 2.550000e+04     8.605875e-20
 2.650000e+04     8.246228e-20
 2.750000e+04     7.970786e-20
 2.850000e+04     7.743801e-20
 2.950000e+04     7.553866e-20
 3.050000e+04     7.391076e-20
 3.150000e+04     7.248526e-20
 3.250000e+04     7.120521e-20
 3.350000e+04     7.006119e-20
 3.450000e+04     6.908162e-20
 3.550000e+04     6.830609e-20
 3.650000e+04     6.773657e-20
 3.750000e+04     6.739330e-20
 3.850000e+04     6.735666e-20
 3.950000e+04     6.793202e-20
 4.050000e+04     6.843120e-20
 4.150000e+04     6.857141e-20
 4.250000e+04     6.859244e-20
 4.350000e+04     6.871264e-20
 4.450000e+04     6.899837e-20
 4.550000e+04     6.946340e-20
 4.650000e+04     7.012155e-20
 4.750000e+04     7.098010e-20
 4.850000e+04     7.203420e-20
 4.950000e+04     7.326812e-20
 5.050000e+04     7.466457e-20
 5.150000e+04     7.622095e-20
 5.250000e+04     7.796190e-20
 5.350000e+04     7.992642e-20
 5.450000e+04     8.199181e-20
 5.550000e+04     8.402780e-20
 5.650000e+04     8.674516e-20
 5.750000e+04     9.025929e-20
 5.850000e+04     9.378161e-20
 5.950000e+04     9.696140e-20
 6.050000e+04     1.015293e-19
 6.150000e+04     1.090512e-19
 6.250000e+04     1.241453e-19
 6.350000e+04     1.349176e-19
 6.450000e+04     1.402554e-19
 6.550000e+04     1.443521e-19
 6.650010e+04     1.481652e-19
 6.750010e+04     1.522499e-19
 6.850010e+04     1.562144e-19
 6.950010e+04     1.610486e-19
 7.020000e+04     1.660018e-19
 7.100000e+04     1.714678e-19
 7.180000e+04     1.768411e-19
 7.260000e+04     1.822802e-19
 7.340000e+04     1.888724e-19
 7.420000e+04     1.976031e-19
 7.500000e+04     2.087512e-19
 7.580000e+04     2.220459e-19
 7.660000e+04     2.369552e-19
 7.740000e+04     2.516184e-19
 7.820000e+04     2.660002e-19
 7.900000e+04     2.797127e-19
 7.980000e+04     2.913847e-19
 8.060000e+04     3.009448e-19
 8.140000e+04     3.084311e-19
 8.220000e+04     3.148860e-19
 8.300000e+04     3.205196e-19
 8.380000e+04     3.257027e-19
 8.460000e+04     3.307206e-19
 8.540000e+04     3.360969e-19
 8.620000e+04     3.416377e-19
 8.700000e+04     3.464104e-19
 8.780000e+04     3.492840e-19
 8.860000e+04     3.503049e-19
 8.940000e+04     3.504323e-19
 9.020000e+04     3.489376e-19
 9.100000e+04     3.466524e-19
 9.180000e+04     3.438121e-19
 9.260000e+04     3.402180e-19
 9.340000e+04     3.359890e-19
 9.420000e+04     3.314749e-19
 9.500000e+04     3.269617e-19
 9.580000e+04     3.227165e-19
 9.660000e+04     3.190216e-19
 9.740000e+04     3.157334e-19
 9.820000e+04     3.123484e-19
 9.900000e+04     3.088218e-19
 9.980000e+04     3.054348e-19
 1.006000e+05     3.020798e-19
 1.020000e+05     2.963840e-19
 1.040000e+05     2.868277e-19
 1.060000e+05     2.779288e-19
 1.080000e+05     2.705080e-19
 1.100000e+05     2.651527e-19
 1.120000e+05     2.685423e-19
 1.140000e+05     2.818547e-19
 1.160000e+05     2.851280e-19
 1.180000e+05     2.870719e-19
 1.200000e+05     2.925543e-19
 1.220000e+05     3.011081e-19
 1.240000e+05     3.125700e-19
 1.260000e+05     3.274030e-19
 1.280000e+05     3.504453e-19
 1.300000e+05     3.717763e-19
 1.320000e+05     3.775784e-19
 1.340000e+05     3.848316e-19
 1.360000e+05     3.908087e-19
 1.380000e+05     3.963427e-19
 1.400000e+05     4.021479e-19
 1.420000e+05     4.095706e-19
 1.440000e+05     4.168054e-19
 1.460000e+05     4.222601e-19
 1.480000e+05     4.259036e-19
 1.500000e+05     4.275702e-19
 1.520000e+05     4.277337e-19
 1.540000e+05     4.270429e-19
 1.560000e+05     4.281841e-19
 1.580000e+05     4.291475e-19
 1.600000e+05     4.291106e-19
 1.620000e+05     4.302291e-19
 1.640000e+05     4.330288e-19
 1.660000e+05     4.381756e-19
 1.680000e+05     4.417708e-19
 1.700000e+05     4.471584e-19
 1.720000e+05     4.547199e-19
 1.740000e+05     4.596718e-19
 1.760000e+05     4.647694e-19
 1.780000e+05     4.685803e-19
 1.800000e+05     4.735409e-19
 1.820000e+05     4.778878e-19
 1.840000e+05     4.829584e-19
 1.860000e+05     4.891255e-19
 1.880000e+05     5.001829e-19
 1.900000e+05     5.084390e-19
 1.920000e+05     5.161528e-19
 1.940000e+05     5.251374e-19
 1.960000e+05     5.347140e-19
 1.980000e+05     5.454904e-19
 2.000000e+05     5.564396e-19
 2.020000e+05     5.684608e-19
 2.040000e+05     5.809722e-19
 2.060000e+05     5.934136e-19
 2.080000e+05     6.058278e-19
 2.100000e+05     6.200778e-19
 2.120000e+05     6.340764e-19
 2.140000e+05     6.485102e-19
 2.160000e+05     6.648702e-19
 2.180000e+05     6.820058e-19
 2.200000e+05     6.979108e-19
 2.220000e+05     7.144727e-19
 2.240000e+05     7.326380e-19
 2.260000e+05     7.499669e-19
 2.280000e+05     7.661946e-19
 2.300000e+05     7.837842e-19
 2.320000e+05     8.030037e-19
 2.340000e+05     8.224679e-19
 2.360000e+05     8.416123e-19
 2.380000e+05     8.620568e-19
 2.400000e+05     8.843275e-19
 2.420000e+05     9.068615e-19
 2.440000e+05     9.286864e-19
 2.460000e+05     9.511942e-19
 2.480000e+05     9.750548e-19
 2.500000e+05     9.991017e-19
 2.520000e+05     1.022394e-18
 2.540000e+05     1.045656e-18
 2.560000e+05     1.070722e-18
 2.580000e+05     1.098062e-18
 2.600000e+05     1.126661e-18
 2.620000e+05     1.154821e-18
 2.640000e+05     1.182923e-18
 2.660000e+05     1.212587e-18
 2.680000e+05     1.244170e-18
 2.700000e+05     1.276438e-18
 2.720000e+05     1.308648e-18
 2.740000e+05     1.340590e-18
 2.760000e+05     1.373622e-18
 2.780000e+05     1.408713e-18
 2.800000e+05     1.445491e-18
 2.820000e+05     1.482952e-18
 2.840000e+05     1.519495e-18
 2.860000e+05     1.555189e-18
 2.880000e+05     1.591184e-18
 2.900000e+05     1.629287e-18
 2.920000e+05     1.667903e-18
 2.940000e+05     1.707196e-18
 2.960000e+05     1.747182e-18
 2.980000e+05     1.787225e-18
 3.000000e+05     1.826483e-18
 3.020000e+05     1.867401e-18
 3.040000e+05     1.909259e-18
 3.060000e+05     1.951145e-18
 3.080000e+05     1.993712e-18
 3.100000e+05     2.036564e-18
 3.120000e+05     2.078361e-18
 3.140000e+05     2.121195e-18
 3.160000e+05     2.166064e-18
 3.180000e+05     2.210947e-18
 3.200000e+05     2.257060e-18
 3.220000e+05     2.305008e-18
 3.240000e+05     2.352743e-18
 3.260000e+05     2.401398e-18
 3.280000e+05     2.449693e-18
 3.300000e+05     2.498484e-18
 3.320000e+05     2.547958e-18
 3.340000e+05     2.605634e-18
 3.360000e+05     2.667306e-18
 3.380000e+05     2.723631e-18
 3.400000e+05     2.774274e-18
 3.420000e+05     2.822832e-18
 3.440000e+05     2.872578e-18
 3.460000e+05     2.925888e-18
 3.480000e+05     2.987598e-18
 3.500000e+05     3.052345e-18
 3.520000e+05     3.109274e-18
 3.540000e+05     3.162007e-18
 3.560000e+05     3.211630e-18
 3.580000e+05     3.259712e-18
 3.600000e+05     3.311600e-18
 3.620000e+05     3.362255e-18
 3.640000e+05     3.412235e-18
 3.660000e+05     3.463723e-18
 3.680000e+05     3.514089e-18
 3.700000e+05     3.565668e-18
 3.720000e+05     3.618324e-18
 3.740000e+05     3.670916e-18
 3.760000e+05     3.723572e-18
 3.780000e+05     3.777074e-18
 3.800000e+05     3.830734e-18
 3.820000e+05     3.884454e-18
 3.840000e+05     3.938536e-18
 3.860000e+05     3.992948e-18
 3.880000e+05     4.047553e-18
 3.900000e+05     4.102569e-18
 3.920000e+05     4.158059e-18
 4.320000e+05     5.335264e-18
 4.760000e+05     6.697083e-18
 5.250000e+05     8.219934e-18
 5.790000e+05     9.820018e-18
 6.390000e+05     1.143889e-17
 7.040000e+05     1.286260e-17
 7.760000e+05     1.399030e-17
 8.560000e+05     1.477474e-17
 9.430000e+05     1.522062e-17
 1.040000e+06     1.540101e-17
 1.147000e+06     1.538086e-17
 1.264000e+06     1.522268e-17
 1.394000e+06     1.496895e-17
 1.537000e+06     1.463354e-17
 1.694000e+06     1.420179e-17
 1.868000e+06     1.364485e-17
 2.059000e+06     1.294156e-17
 2.270000e+06     1.207749e-17
 2.503000e+06     1.106331e-17
 2.760000e+06     9.931810e-18
 3.043000e+06     8.732473e-18
 3.354000e+06     7.521045e-18
 3.698000e+06     6.341167e-18
 4.077000e+06     5.240852e-18
 4.495000e+06     4.249299e-18
 4.956000e+06     3.383902e-18
 5.464000e+06     2.650586e-18
 6.024000e+06     2.044746e-18
 6.641000e+06     1.555902e-18
 7.322000e+06     1.169009e-18
 8.073000e+06     8.688495e-19
 8.900000e+06     6.402055e-19
 9.813000e+06     4.683607e-19
 1.082000e+07     3.413676e-19
 1.193000e+07     2.489468e-19
 1.315000e+07     1.826379e-19
 1.450000e+07     1.352203e-19
 1.598000e+07     1.018753e-19
 1.762000e+07     7.835947e-20
 1.943000e+07     6.200280e-20
 2.142000e+07     5.078581e-20
 2.362000e+07     4.316389e-20
 2.604000e+07     3.812312e-20
 2.871000e+07     3.491597e-20
 3.165000e+07     3.302947e-20
 3.489000e+07     3.209358e-20
 3.847000e+07     3.185895e-20
 4.241000e+07     3.214849e-20
 4.676000e+07     3.284095e-20
 5.155000e+07     3.384787e-20
 5.683000e+07     3.510240e-20
 6.266000e+07     3.657275e-20
 6.908000e+07     3.822943e-20
 7.616000e+07     4.004778e-20
 8.397000e+07     4.202151e-20
 9.258000e+07     4.414456e-20
 1.020700e+08     4.640304e-20
 1.125300e+08     4.880447e-20
 1.240600e+08     5.135427e-20
 1.367800e+08     5.405770e-20
 1.508000e+08     5.690870e-20
 1.662500e+08     5.991749e-20
 1.833000e+08     6.309464e-20
 2.020800e+08     6.644974e-20
 2.228000e+08     6.999248e-20
 2.456300e+08     7.372779e-20
 2.708100e+08     7.766620e-20
 2.985700e+08     8.182888e-20
 3.291700e+08     8.621570e-20
 3.629100e+08     9.084492e-20
 4.001100e+08     9.572988e-20
 4.411200e+08     1.008804e-19
 4.863400e+08     1.063154e-19
 5.361900e+08     1.120527e-19
 5.911500e+08     1.181056e-19
 6.517400e+08     1.244946e-19
 7.185400e+08     1.312235e-19
 7.921900e+08     1.383277e-19
 8.733900e+08     1.458181e-19
 9.629200e+08     1.537358e-19
 1.000000e+09     1.569169e-19
