## EBL from Khaire & Srianand 2018; Q18 Model with alpha=-1.8 
## Column1:wavelength (Angstrom);  Column2:EBL specific intensity J_nu (erg/s/cm^2/Hz/Sr)
## ===========================================================================================
 1.000000e-08     1.228178e-39
 1.122019e-08     1.786170e-39
 1.258925e-08     2.549150e-39
 1.412538e-08     3.561516e-39
 1.584893e-08     4.877464e-39
 1.778279e-08     6.560160e-39
 1.995263e-08     8.682054e-39
 2.238721e-08     1.132585e-38
 2.511887e-08     1.458605e-38
 2.818382e-08     1.857061e-38
 3.162278e-08     2.340330e-38
 3.548135e-08     2.922607e-38
 3.981071e-08     3.620219e-38
 4.466837e-08     4.451991e-38
 5.011870e-08     5.439617e-38
 5.623413e-08     6.608199e-38
 6.309576e-08     7.986733e-38
 7.079456e-08     9.608765e-38
 7.943284e-08     1.151319e-37
 8.912505e-08     1.374498e-37
 1.000000e-07     1.635634e-37
 1.122019e-07     1.940768e-37
 1.258925e-07     2.296900e-37
 1.412538e-07     2.712157e-37
 1.584892e-07     3.195935e-37
 1.778279e-07     3.759156e-37
 1.995263e-07     4.414454e-37
 2.238721e-07     5.176474e-37
 2.511887e-07     6.062206e-37
 2.818382e-07     7.091321e-37
 3.162278e-07     8.286644e-37
 3.548136e-07     9.674606e-37
 3.981071e-07     1.128583e-36
 4.466837e-07     1.315584e-36
 5.011870e-07     1.532577e-36
 5.623413e-07     1.784333e-36
 6.309576e-07     2.076378e-36
 7.079456e-07     2.415112e-36
 7.943284e-07     2.807962e-36
 8.912505e-07     3.263522e-36
 1.000000e-06     3.791766e-36
 1.122019e-06     4.404241e-36
 1.258925e-06     5.114320e-36
 1.412538e-06     5.937530e-36
 1.584893e-06     6.891825e-36
 1.778279e-06     7.998040e-36
 1.995263e-06     9.280314e-36
 2.238721e-06     1.076659e-35
 2.511887e-06     1.248930e-35
 2.818382e-06     1.448597e-35
 3.162278e-06     1.680015e-35
 3.548136e-06     1.948224e-35
 3.981071e-06     2.259064e-35
 4.466837e-06     2.619312e-35
 5.011870e-06     3.036807e-35
 5.623413e-06     3.520650e-35
 6.309576e-06     4.081371e-35
 7.079456e-06     4.731172e-35
 7.943284e-06     5.484214e-35
 8.912505e-06     6.356874e-35
 1.000000e-05     7.368165e-35
 1.122019e-05     8.540090e-35
 1.258925e-05     9.898142e-35
 1.412538e-05     1.147191e-34
 1.584893e-05     1.329561e-34
 1.778279e-05     1.540895e-34
 1.995263e-05     1.785794e-34
 2.238721e-05     2.069582e-34
 2.511887e-05     2.398439e-34
 2.818382e-05     2.779516e-34
 3.162278e-05     3.221112e-34
 3.548135e-05     3.732832e-34
 3.981071e-05     4.325805e-34
 4.466837e-05     5.012944e-34
 5.011870e-05     5.809186e-34
 5.623413e-05     6.731873e-34
 6.309577e-05     7.801072e-34
 7.079457e-05     9.040032e-34
 7.943284e-05     1.047573e-33
 8.912505e-05     1.213938e-33
 1.000000e-04     1.406721e-33
 1.122018e-04     1.630113e-33
 1.258926e-04     1.888646e-33
 1.412538e-04     2.181185e-33
 1.584893e-04     2.518458e-33
 1.778279e-04     2.909653e-33
 1.995262e-04     3.364406e-33
 2.238722e-04     3.893718e-33
 2.511887e-04     4.510447e-33
 2.818383e-04     5.229738e-33
 3.162278e-04     6.069462e-33
 3.548134e-04     7.050722e-33
 3.981073e-04     8.198478e-33
 4.466837e-04     9.542244e-33
 5.011873e-04     1.111698e-32
 5.623413e-04     1.296409e-32
 6.309572e-04     1.513269e-32
 7.079460e-04     1.768105e-32
 7.943284e-04     2.067831e-32
 8.912510e-04     2.420661e-32
 1.000000e-03     2.836363e-32
 1.122018e-03     3.326547e-32
 1.258926e-03     3.905040e-32
 1.412538e-03     4.588281e-32
 1.584893e-03     5.395867e-32
 1.778279e-03     6.351153e-32
 1.995262e-03     7.481978e-32
 2.238722e-03     8.821552e-32
 2.511887e-03     1.040948e-31
 2.818383e-03     1.229306e-31
 3.162278e-03     1.452877e-31
 3.548133e-03     1.718407e-31
 3.981073e-03     2.033959e-31
 4.466837e-03     2.409169e-31
 5.011873e-03     2.855572e-31
 5.623413e-03     3.386993e-31
 6.309573e-03     4.020068e-31
 7.079460e-03     4.774941e-31
 7.943284e-03     5.676208e-31
 8.912510e-03     6.754258e-31
 1.000000e-02     8.047011e-31
 1.122019e-02     9.602120e-31
 1.258925e-02     1.147950e-30
 1.412538e-02     1.375428e-30
 1.584894e-02     1.651951e-30
 1.778279e-02     1.988922e-30
 1.995263e-02     2.400117e-30
 2.238721e-02     2.901947e-30
 2.511887e-02     3.513772e-30
 2.818385e-02     4.258229e-30
 3.162277e-02     5.161638e-30
 3.548136e-02     6.254599e-30
 3.981071e-02     7.572596e-30
 4.466837e-02     9.157006e-30
 5.011876e-02     1.105612e-29
 5.623413e-02     1.332657e-29
 6.309576e-02     1.603509e-29
 7.079456e-02     1.926047e-29
 7.943284e-02     2.309613e-29
 8.912515e-02     2.765295e-29
 1.000000e-01     3.306281e-29
 1.122019e-01     3.948802e-29
 1.258925e-01     4.689344e-29
 1.412538e-01     5.500337e-29
 1.584894e-01     6.368807e-29
 1.778279e-01     7.286410e-29
 1.995263e-01     8.246404e-29
 2.238721e-01     9.242811e-29
 2.511887e-01     1.027037e-28
 2.818385e-01     1.132450e-28
 3.162278e-01     1.240140e-28
 3.548135e-01     1.349803e-28
 3.981071e-01     1.461208e-28
 4.466837e-01     1.574201e-28
 5.011876e-01     1.688683e-28
 5.623413e-01     1.804617e-28
 6.309576e-01     1.921789e-28
 7.079456e-01     2.040503e-28
 7.943284e-01     2.160765e-28
 8.912515e-01     2.282621e-28
 1.000000e+00     2.406123e-28
 1.122019e+00     2.531310e-28
 1.258925e+00     2.658161e-28
 1.412538e+00     2.786572e-28
 1.584894e+00     2.916293e-28
 1.778279e+00     3.046853e-28
 1.995263e+00     3.177454e-28
 2.238721e+00     3.306799e-28
 2.511887e+00     3.432876e-28
 2.818385e+00     3.552635e-28
 3.162278e+00     3.661587e-28
 3.548136e+00     3.753322e-28
 3.981071e+00     3.819046e-28
 4.466837e+00     3.847340e-28
 5.011876e+00     3.824528e-28
 5.623413e+00     3.736235e-28
 6.309576e+00     3.568041e-28
 7.079456e+00     3.296602e-28
 7.943284e+00     2.981001e-28
 8.912516e+00     2.620670e-28
 1.000000e+01     2.277921e-28
 1.122019e+01     1.936530e-28
 1.258925e+01     1.626508e-28
 1.412538e+01     1.353529e-28
 1.584894e+01     1.121232e-28
 1.778279e+01     9.278855e-29
 1.995263e+01     7.689581e-29
 2.238721e+01     6.391457e-29
 2.511887e+01     5.333436e-29
 2.818385e+01     4.470892e-29
 3.162278e+01     3.765201e-29
 3.548135e+01     3.186113e-29
 3.981071e+01     2.708460e-29
 4.466837e+01     2.312605e-29
 5.011876e+01     1.983548e-29
 5.623413e+01     1.708702e-29
 6.309576e+01     1.478480e-29
 7.079456e+01     1.285161e-29
 7.943284e+01     1.122391e-29
 8.912515e+01     9.851697e-30
 1.000000e+02     8.694490e-30
 1.120000e+02     7.732853e-30
 1.250000e+02     6.944973e-30
 1.400000e+02     6.259386e-30
 1.550000e+02     5.740743e-30
 1.650000e+02     5.463186e-30
 1.750000e+02     5.231885e-30
 1.850000e+02     5.048932e-30
 1.900000e+02     4.996928e-30
 1.950000e+02     5.004600e-30
 2.000000e+02     5.139783e-30
 2.050000e+02     5.544926e-30
 2.100000e+02     6.508078e-30
 2.150000e+02     8.589851e-30
 2.180000e+02     1.078382e-29
 2.210000e+02     1.410255e-29
 2.240000e+02     1.905498e-29
 2.260000e+02     2.360648e-29
 2.270000e+02     2.635553e-29
 2.275000e+02     2.786537e-29
 2.278400e+02     2.894733e-29
 2.380000e+02     8.940339e-24
 2.500000e+02     1.122541e-23
 2.700000e+02     1.220398e-23
 2.900000e+02     1.301061e-23
 3.035000e+02     1.354075e-23
 3.037800e+02     1.368040e-23
 3.045000e+02     1.367961e-23
 3.060000e+02     1.370139e-23
 3.080000e+02     1.374862e-23
 3.100000e+02     1.380981e-23
 3.120000e+02     1.387872e-23
 3.150000e+02     1.398703e-23
 3.200000e+02     1.417447e-23
 3.250000e+02     1.436261e-23
 3.300000e+02     1.454938e-23
 3.400000e+02     1.492158e-23
 3.600000e+02     1.564643e-23
 3.800000e+02     1.634907e-23
 4.050000e+02     1.719801e-23
 4.250000e+02     1.785789e-23
 4.500000e+02     1.865659e-23
 4.650000e+02     1.912955e-23
 4.750000e+02     1.944159e-23
 4.820000e+02     1.965778e-23
 4.870000e+02     1.981011e-23
 4.910000e+02     1.993185e-23
 4.950000e+02     2.005260e-23
 4.980000e+02     2.014283e-23
 5.000000e+02     2.020229e-23
 5.020000e+02     2.026315e-23
 5.039800e+02     2.032463e-23
 5.100000e+02     2.548421e-23
 5.250000e+02     2.769061e-23
 5.600000e+02     2.892138e-23
 6.000000e+02     3.029298e-23
 6.500000e+02     3.232079e-23
 7.000000e+02     3.503812e-23
 7.500000e+02     3.894740e-23
 8.000000e+02     4.452489e-23
 8.300000e+02     4.896146e-23
 8.600000e+02     5.438360e-23
 8.800000e+02     5.860032e-23
 8.900000e+02     6.091102e-23
 8.960000e+02     6.235980e-23
 9.000000e+02     6.335592e-23
 9.030000e+02     6.411791e-23
 9.060000e+02     6.489299e-23
 9.090000e+02     6.567869e-23
 9.117800e+02     6.642243e-23
 9.300000e+02     8.221450e-22
 9.500000e+02     1.952416e-21
 9.750000e+02     4.036172e-21
 9.900000e+02     4.877693e-21
 1.005000e+03     5.946000e-21
 1.025000e+03     7.678686e-21
 1.045000e+03     9.087353e-21
 1.065000e+03     1.099323e-20
 1.085000e+03     1.282106e-20
 1.105000e+03     1.447081e-20
 1.125000e+03     1.621854e-20
 1.145000e+03     1.763569e-20
 1.165000e+03     1.927768e-20
 1.185000e+03     2.053979e-20
 1.205000e+03     2.181674e-20
 1.215600e+03     2.239092e-20
 1.215670e+03     2.537362e-20
 1.216000e+03     2.538839e-20
 1.218000e+03     2.546831e-20
 1.221000e+03     2.555988e-20
 1.225000e+03     2.563098e-20
 1.230000e+03     2.574931e-20
 1.240000e+03     2.641165e-20
 1.250000e+03     2.714303e-20
 1.265000e+03     2.825435e-20
 1.285000e+03     2.932164e-20
 1.305000e+03     3.064610e-20
 1.325000e+03     3.162082e-20
 1.345000e+03     3.278812e-20
 1.365000e+03     3.388752e-20
 1.385000e+03     3.497344e-20
 1.405000e+03     3.570964e-20
 1.425000e+03     3.644002e-20
 1.442000e+03     3.712151e-20
 1.455000e+03     3.778136e-20
 1.475000e+03     3.841806e-20
 1.517000e+03     3.994965e-20
 1.595000e+03     4.149754e-20
 1.672000e+03     4.292718e-20
 1.745000e+03     4.400092e-20
 1.825000e+03     4.475053e-20
 1.905000e+03     4.500703e-20
 1.984000e+03     4.518060e-20
 2.065000e+03     4.502244e-20
 2.135000e+03     4.468491e-20
 2.215000e+03     4.437931e-20
 2.295000e+03     4.392594e-20
 2.375000e+03     4.279485e-20
 2.455000e+03     4.241762e-20
 2.525000e+03     4.202790e-20
 2.605000e+03     4.170991e-20
 2.685000e+03     4.156634e-20
 2.765000e+03     4.130751e-20
 2.845000e+03     4.095554e-20
 2.950000e+03     4.067252e-20
 3.110000e+03     4.028282e-20
 3.270000e+03     3.981206e-20
 3.430000e+03     3.934314e-20
 3.590000e+03     3.889293e-20
 3.730000e+03     3.884805e-20
 3.890000e+03     4.076328e-20
 4.050000e+03     4.246696e-20
 4.210000e+03     4.528029e-20
 4.370000e+03     4.749290e-20
 4.530000e+03     4.940551e-20
 4.690000e+03     5.107743e-20
 4.850000e+03     5.214675e-20
 5.010000e+03     5.298620e-20
 5.170000e+03     5.366408e-20
 5.330000e+03     5.427334e-20
 5.490000e+03     5.480236e-20
 5.650000e+03     5.532412e-20
 5.810000e+03     5.586546e-20
 5.970000e+03     5.620652e-20
 6.130000e+03     5.658231e-20
 6.290000e+03     5.684706e-20
 6.450000e+03     5.706837e-20
 6.610000e+03     5.725269e-20
 6.770000e+03     5.746040e-20
 6.930000e+03     5.761392e-20
 7.090000e+03     5.771364e-20
 7.250000e+03     5.777785e-20
 7.410000e+03     5.784763e-20
 7.570000e+03     5.793792e-20
 7.730000e+03     5.808713e-20
 7.890000e+03     5.819333e-20
 8.050000e+03     5.825614e-20
 8.210000e+03     5.835121e-20
 8.370000e+03     5.842614e-20
 8.530000e+03     5.850337e-20
 8.690000e+03     5.862839e-20
 8.850000e+03     5.886916e-20
 9.010000e+03     5.907194e-20
 9.170000e+03     5.924237e-20
 9.330000e+03     5.957667e-20
 9.490000e+03     5.985144e-20
 9.650000e+03     6.008505e-20
 9.810000e+03     6.031918e-20
 9.970000e+03     6.057398e-20
 1.050000e+04     6.109101e-20
 1.150000e+04     6.124207e-20
 1.250000e+04     6.111224e-20
 1.350000e+04     6.088356e-20
 1.450000e+04     6.111876e-20
 1.550000e+04     6.114331e-20
 1.650000e+04     6.083532e-20
 1.750000e+04     6.032335e-20
 1.850000e+04     5.966318e-20
 1.950000e+04     5.895405e-20
 2.050000e+04     5.828111e-20
 2.150000e+04     5.771233e-20
 2.250000e+04     5.729982e-20
 2.350000e+04     5.708230e-20
 2.450000e+04     5.708917e-20
 2.550000e+04     5.734320e-20
 2.650000e+04     5.786252e-20
 2.750000e+04     5.866213e-20
 2.850000e+04     5.975443e-20
 2.950000e+04     6.104336e-20
 3.050000e+04     6.211711e-20
 3.150000e+04     6.333636e-20
 3.250000e+04     6.464184e-20
 3.350000e+04     6.599196e-20
 3.450000e+04     6.736494e-20
 3.550000e+04     6.876800e-20
 3.650000e+04     7.022011e-20
 3.750000e+04     7.168928e-20
 3.850000e+04     7.318532e-20
 3.950000e+04     7.471298e-20
 4.050000e+04     7.626417e-20
 4.150000e+04     7.782985e-20
 4.250000e+04     7.940322e-20
 4.350000e+04     8.098393e-20
 4.450000e+04     8.257382e-20
 4.550000e+04     8.417037e-20
 4.650000e+04     8.577074e-20
 4.750000e+04     8.737210e-20
 4.850000e+04     8.897155e-20
 4.950000e+04     9.056812e-20
 5.050000e+04     9.216299e-20
 5.150000e+04     9.375684e-20
 5.250000e+04     9.534960e-20
 5.350000e+04     9.691845e-20
 5.450000e+04     9.802877e-20
 5.550000e+04     9.947840e-20
 5.650000e+04     1.011162e-19
 5.750000e+04     1.032237e-19
 5.850000e+04     1.047396e-19
 5.950000e+04     1.060294e-19
 6.050000e+04     1.085421e-19
 6.150000e+04     1.161193e-19
 6.250000e+04     1.309063e-19
 6.350000e+04     1.389818e-19
 6.450000e+04     1.404107e-19
 6.550000e+04     1.411295e-19
 6.650010e+04     1.414259e-19
 6.750010e+04     1.422952e-19
 6.850010e+04     1.431213e-19
 6.950010e+04     1.450784e-19
 7.020000e+04     1.475512e-19
 7.100000e+04     1.496185e-19
 7.180000e+04     1.516897e-19
 7.260000e+04     1.548613e-19
 7.340000e+04     1.592243e-19
 7.420000e+04     1.653905e-19
 7.500000e+04     1.742105e-19
 7.580000e+04     1.861079e-19
 7.660000e+04     1.994042e-19
 7.740000e+04     2.113489e-19
 7.820000e+04     2.214923e-19
 7.900000e+04     2.301842e-19
 7.980000e+04     2.366778e-19
 8.060000e+04     2.404648e-19
 8.140000e+04     2.421104e-19
 8.220000e+04     2.422524e-19
 8.300000e+04     2.417741e-19
 8.380000e+04     2.416355e-19
 8.460000e+04     2.417156e-19
 8.540000e+04     2.421632e-19
 8.620000e+04     2.436364e-19
 8.700000e+04     2.453428e-19
 8.780000e+04     2.453757e-19
 8.860000e+04     2.432308e-19
 8.940000e+04     2.397812e-19
 9.020000e+04     2.356518e-19
 9.100000e+04     2.309544e-19
 9.180000e+04     2.260561e-19
 9.260000e+04     2.212738e-19
 9.340000e+04     2.166040e-19
 9.420000e+04     2.120845e-19
 9.500000e+04     2.077446e-19
 9.580000e+04     2.036675e-19
 9.660000e+04     2.004344e-19
 9.740000e+04     1.974514e-19
 9.820000e+04     1.938567e-19
 9.900000e+04     1.902328e-19
 9.980000e+04     1.868395e-19
 1.006000e+05     1.836164e-19
 1.020000e+05     1.782626e-19
 1.040000e+05     1.720869e-19
 1.060000e+05     1.687378e-19
 1.080000e+05     1.667854e-19
 1.100000e+05     1.665052e-19
 1.120000e+05     1.791192e-19
 1.140000e+05     2.076031e-19
 1.160000e+05     2.124311e-19
 1.180000e+05     2.127039e-19
 1.200000e+05     2.131440e-19
 1.220000e+05     2.141322e-19
 1.240000e+05     2.162020e-19
 1.260000e+05     2.212567e-19
 1.280000e+05     2.316174e-19
 1.300000e+05     2.380052e-19
 1.320000e+05     2.309021e-19
 1.340000e+05     2.285073e-19
 1.360000e+05     2.240623e-19
 1.380000e+05     2.202746e-19
 1.400000e+05     2.153181e-19
 1.420000e+05     2.120936e-19
 1.440000e+05     2.082647e-19
 1.460000e+05     2.035512e-19
 1.480000e+05     1.989537e-19
 1.500000e+05     1.946162e-19
 1.520000e+05     1.908892e-19
 1.540000e+05     1.876880e-19
 1.560000e+05     1.882169e-19
 1.580000e+05     1.878596e-19
 1.600000e+05     1.861572e-19
 1.620000e+05     1.863869e-19
 1.640000e+05     1.879767e-19
 1.660000e+05     1.932667e-19
 1.680000e+05     1.963412e-19
 1.700000e+05     2.024354e-19
 1.720000e+05     2.087416e-19
 1.740000e+05     2.137213e-19
 1.760000e+05     2.156390e-19
 1.780000e+05     2.170819e-19
 1.800000e+05     2.169752e-19
 1.820000e+05     2.168200e-19
 1.840000e+05     2.160310e-19
 1.860000e+05     2.161033e-19
 1.880000e+05     2.214905e-19
 1.900000e+05     2.233862e-19
 1.920000e+05     2.232212e-19
 1.940000e+05     2.228162e-19
 1.960000e+05     2.225293e-19
 1.980000e+05     2.220902e-19
 2.000000e+05     2.219850e-19
 2.020000e+05     2.220661e-19
 2.040000e+05     2.223040e-19
 2.060000e+05     2.227350e-19
 2.080000e+05     2.233490e-19
 2.100000e+05     2.241203e-19
 2.120000e+05     2.250326e-19
 2.140000e+05     2.260562e-19
 2.160000e+05     2.271544e-19
 2.180000e+05     2.283439e-19
 2.200000e+05     2.296472e-19
 2.220000e+05     2.310858e-19
 2.240000e+05     2.326607e-19
 2.260000e+05     2.343813e-19
 2.280000e+05     2.362412e-19
 2.300000e+05     2.382401e-19
 2.320000e+05     2.403944e-19
 2.340000e+05     2.426545e-19
 2.360000e+05     2.450204e-19
 2.380000e+05     2.474764e-19
 2.400000e+05     2.499969e-19
 2.420000e+05     2.526050e-19
 2.440000e+05     2.553150e-19
 2.460000e+05     2.581236e-19
 2.480000e+05     2.609935e-19
 2.500000e+05     2.639321e-19
 2.520000e+05     2.669501e-19
 2.540000e+05     2.700735e-19
 2.560000e+05     2.734217e-19
 2.580000e+05     2.774522e-19
 2.600000e+05     2.823254e-19
 2.620000e+05     2.866786e-19
 2.640000e+05     2.903952e-19
 2.660000e+05     2.939819e-19
 2.680000e+05     2.976427e-19
 2.700000e+05     3.015140e-19
 2.720000e+05     3.053443e-19
 2.740000e+05     3.092267e-19
 2.760000e+05     3.132714e-19
 2.780000e+05     3.174289e-19
 2.800000e+05     3.217789e-19
 2.820000e+05     3.266880e-19
 2.840000e+05     3.317272e-19
 2.860000e+05     3.363639e-19
 2.880000e+05     3.409557e-19
 2.900000e+05     3.454429e-19
 2.920000e+05     3.502188e-19
 2.940000e+05     3.551175e-19
 2.960000e+05     3.599747e-19
 2.980000e+05     3.649126e-19
 3.000000e+05     3.700314e-19
 3.020000e+05     3.752259e-19
 3.040000e+05     3.805067e-19
 3.060000e+05     3.859285e-19
 3.080000e+05     3.914773e-19
 3.100000e+05     3.971134e-19
 3.120000e+05     4.028879e-19
 3.140000e+05     4.088416e-19
 3.160000e+05     4.149332e-19
 3.180000e+05     4.211774e-19
 3.200000e+05     4.276035e-19
 3.220000e+05     4.343030e-19
 3.240000e+05     4.412396e-19
 3.260000e+05     4.484590e-19
 3.280000e+05     4.559783e-19
 3.300000e+05     4.637998e-19
 3.320000e+05     4.721867e-19
 3.340000e+05     4.841288e-19
 3.360000e+05     5.010426e-19
 3.380000e+05     5.132115e-19
 3.400000e+05     5.210240e-19
 3.420000e+05     5.285602e-19
 3.440000e+05     5.355579e-19
 3.460000e+05     5.438619e-19
 3.480000e+05     5.609258e-19
 3.500000e+05     5.818148e-19
 3.520000e+05     5.927800e-19
 3.540000e+05     6.000645e-19
 3.560000e+05     6.080279e-19
 3.580000e+05     6.135071e-19
 3.600000e+05     6.208577e-19
 3.620000e+05     6.290448e-19
 3.640000e+05     6.369381e-19
 3.660000e+05     6.436404e-19
 3.680000e+05     6.505201e-19
 3.700000e+05     6.586324e-19
 3.720000e+05     6.672507e-19
 3.740000e+05     6.754533e-19
 3.760000e+05     6.833487e-19
 3.780000e+05     6.917026e-19
 3.800000e+05     7.004360e-19
 3.820000e+05     7.090525e-19
 3.840000e+05     7.176219e-19
 3.860000e+05     7.264961e-19
 3.880000e+05     7.356481e-19
 3.900000e+05     7.446073e-19
 3.920000e+05     7.534343e-19
 4.320000e+05     9.499985e-19
 4.760000e+05     1.184869e-18
 5.250000e+05     1.458475e-18
 5.790000e+05     1.767470e-18
 6.390000e+05     2.115511e-18
 7.040000e+05     2.497415e-18
 7.760000e+05     3.092914e-18
 8.560000e+05     3.973287e-18
 9.430000e+05     5.133050e-18
 1.040000e+06     6.542282e-18
 1.147000e+06     8.077740e-18
 1.264000e+06     9.566833e-18
 1.394000e+06     1.085072e-17
 1.537000e+06     1.176278e-17
 1.694000e+06     1.220607e-17
 1.868000e+06     1.215311e-17
 2.059000e+06     1.164123e-17
 2.270000e+06     1.075644e-17
 2.503000e+06     9.614084e-18
 2.760000e+06     8.335354e-18
 3.043000e+06     7.030410e-18
 3.354000e+06     5.784470e-18
 3.698000e+06     4.648182e-18
 4.077000e+06     3.658659e-18
 4.495000e+06     2.825889e-18
 4.956000e+06     2.145798e-18
 5.464000e+06     1.604893e-18
 6.024000e+06     1.183986e-18
 6.641000e+06     8.629199e-19
 7.322000e+06     6.218361e-19
 8.073000e+06     4.436814e-19
 8.900000e+06     3.139203e-19
 9.813000e+06     2.212920e-19
 1.082000e+07     1.557068e-19
 1.193000e+07     1.095008e-19
 1.315000e+07     7.711062e-20
 1.450000e+07     5.431796e-20
 1.598000e+07     3.841437e-20
 1.762000e+07     2.720756e-20
 1.943000e+07     1.935316e-20
 2.142000e+07     1.386977e-20
 2.362000e+07     1.002477e-20
 2.604000e+07     7.345944e-21
 2.871000e+07     5.474806e-21
 3.165000e+07     4.186874e-21
 3.489000e+07     3.295839e-21
 3.847000e+07     2.694028e-21
 4.241000e+07     2.296529e-21
 4.676000e+07     2.042440e-21
 5.155000e+07     1.890618e-21
 5.683000e+07     1.813211e-21
 6.266000e+07     1.796463e-21
 6.908000e+07     1.821996e-21
 7.616000e+07     1.880711e-21
 8.397000e+07     1.961556e-21
 9.258000e+07     2.070664e-21
 1.020700e+08     2.196233e-21
 1.125300e+08     2.341127e-21
 1.240600e+08     2.505628e-21
 1.367800e+08     2.682840e-21
 1.508000e+08     2.879355e-21
 1.662500e+08     3.099118e-21
 1.833000e+08     3.332553e-21
 2.020800e+08     3.585524e-21
 2.228000e+08     3.854996e-21
 2.456300e+08     4.149717e-21
 2.708100e+08     4.470042e-21
 2.985700e+08     4.812774e-21
 3.291700e+08     5.184333e-21
 3.629100e+08     5.582466e-21
 4.001100e+08     6.011846e-21
 4.411200e+08     6.476389e-21
 4.863400e+08     6.978259e-21
 5.361900e+08     7.518925e-21
 5.911500e+08     8.106482e-21
 6.517400e+08     8.739172e-21
 7.185400e+08     9.421389e-21
 7.921900e+08     1.015747e-20
 8.733900e+08     1.095001e-20
 9.629200e+08     1.180445e-20
 1.000000e+09     1.215301e-20
