## EBL from Khaire & Srianand 2018; Q18 Model with alpha=-1.8 
## Column1:wavelength (Angstrom);  Column2:EBL specific intensity J_nu (erg/s/cm^2/Hz/Sr)
## ===========================================================================================
 1.000000e-08     8.267386e-37
 1.122019e-08     1.204150e-36
 1.258925e-08     1.737349e-36
 1.412538e-08     2.470007e-36
 1.584893e-08     3.452460e-36
 1.778279e-08     4.742553e-36
 1.995263e-08     6.406610e-36
 2.238721e-08     8.520549e-36
 2.511887e-08     1.117131e-35
 2.818382e-08     1.445831e-35
 3.162278e-08     1.849543e-35
 3.548135e-08     2.341305e-35
 3.981071e-08     2.936081e-35
 4.466837e-08     3.651074e-35
 5.011870e-08     4.506070e-35
 5.623413e-08     5.523904e-35
 6.309576e-08     6.730908e-35
 7.079456e-08     8.157508e-35
 7.943284e-08     9.838935e-35
 8.912505e-08     1.181589e-34
 1.000000e-07     1.413559e-34
 1.122019e-07     1.685265e-34
 1.258925e-07     2.003035e-34
 1.412538e-07     2.374212e-34
 1.584892e-07     2.807287e-34
 1.778279e-07     3.312126e-34
 1.995263e-07     3.900146e-34
 2.238721e-07     4.584577e-34
 2.511887e-07     5.380770e-34
 2.818382e-07     6.306497e-34
 3.162278e-07     7.382383e-34
 3.548136e-07     8.632309e-34
 3.981071e-07     1.008394e-33
 4.466837e-07     1.176940e-33
 5.011870e-07     1.372583e-33
 5.623413e-07     1.599636e-33
 6.309576e-07     1.863091e-33
 7.079456e-07     2.168733e-33
 7.943284e-07     2.523276e-33
 8.912505e-07     2.934482e-33
 1.000000e-06     3.411370e-33
 1.122019e-06     3.964372e-33
 1.258925e-06     4.605574e-33
 1.412538e-06     5.349011e-33
 1.584893e-06     6.210907e-33
 1.778279e-06     7.210094e-33
 1.995263e-06     8.368387e-33
 2.238721e-06     9.711040e-33
 2.511887e-06     1.126737e-32
 2.818382e-06     1.307128e-32
 3.162278e-06     1.516214e-32
 3.548136e-06     1.758550e-32
 3.981071e-06     2.039415e-32
 4.466837e-06     2.364933e-32
 5.011870e-06     2.742189e-32
 5.623413e-06     3.179407e-32
 6.309576e-06     3.686108e-32
 7.079456e-06     4.273317e-32
 7.943284e-06     4.953833e-32
 8.912505e-06     5.742458e-32
 1.000000e-05     6.656377e-32
 1.122019e-05     7.715478e-32
 1.258925e-05     8.942797e-32
 1.412538e-05     1.036508e-31
 1.584893e-05     1.201326e-31
 1.778279e-05     1.392320e-31
 1.995263e-05     1.613650e-31
 2.238721e-05     1.870129e-31
 2.511887e-05     2.167342e-31
 2.818382e-05     2.511751e-31
 3.162278e-05     2.910857e-31
 3.548135e-05     3.373342e-31
 3.981071e-05     3.909265e-31
 4.466837e-05     4.530295e-31
 5.011870e-05     5.249934e-31
 5.623413e-05     6.083854e-31
 6.309577e-05     7.050195e-31
 7.079457e-05     8.169966e-31
 7.943284e-05     9.467553e-31
 8.912505e-05     1.097116e-30
 1.000000e-04     1.271354e-30
 1.122018e-04     1.473257e-30
 1.258926e-04     1.707154e-30
 1.412538e-04     1.975640e-30
 1.584893e-04     2.284335e-30
 1.778279e-04     2.640333e-30
 1.995262e-04     3.052082e-30
 2.238722e-04     3.529508e-30
 2.511887e-04     4.084203e-30
 2.818383e-04     4.729726e-30
 3.162278e-04     5.481962e-30
 3.548134e-04     6.359575e-30
 3.981073e-04     7.384558e-30
 4.466837e-04     8.582858e-30
 5.011873e-04     9.985151e-30
 5.623413e-04     1.162773e-29
 6.309572e-04     1.355357e-29
 7.079460e-04     1.581363e-29
 7.943284e-04     1.846828e-29
 8.912510e-04     2.158925e-29
 1.000000e-03     2.526167e-29
 1.122018e-03     2.958670e-29
 1.258926e-03     3.468469e-29
 1.412538e-03     4.069862e-29
 1.584893e-03     4.779882e-29
 1.778279e-03     5.618814e-29
 1.995262e-03     6.610819e-29
 2.238722e-03     7.784699e-29
 2.511887e-03     9.174787e-29
 2.818383e-03     1.082206e-28
 3.162278e-03     1.277541e-28
 3.548133e-03     1.509321e-28
 3.981073e-03     1.784520e-28
 4.466837e-03     2.111466e-28
 5.011873e-03     2.500122e-28
 5.623413e-03     2.962405e-28
 6.309573e-03     3.512616e-28
 7.079460e-03     4.167964e-28
 7.943284e-03     4.949285e-28
 8.912510e-03     5.882019e-28
 1.000000e-02     6.997508e-28
 1.122019e-02     8.334700e-28
 1.258925e-02     9.942227e-28
 1.412538e-02     1.188101e-27
 1.584894e-02     1.422693e-27
 1.778279e-02     1.707395e-27
 1.995263e-02     2.053730e-27
 2.238721e-02     2.475647e-27
 2.511887e-02     2.989876e-27
 2.818385e-02     3.616259e-27
 3.162277e-02     4.378141e-27
 3.548136e-02     5.302874e-27
 3.981071e-02     6.422307e-27
 4.466837e-02     7.773605e-27
 5.011876e-02     9.400054e-27
 5.623413e-02     1.135221e-26
 6.309576e-02     1.368938e-26
 7.079456e-02     1.648118e-26
 7.943284e-02     1.980982e-26
 8.912515e-02     2.377244e-26
 1.000000e-01     2.848419e-26
 1.122019e-01     3.408306e-26
 1.258925e-01     4.066528e-26
 1.412538e-01     4.819538e-26
 1.584894e-01     5.660213e-26
 1.778279e-01     6.579557e-26
 1.995263e-01     7.567990e-26
 2.238721e-01     8.616164e-26
 2.511887e-01     9.715525e-26
 2.818385e-01     1.085849e-25
 3.162278e-01     1.203852e-25
 3.548135e-01     1.325016e-25
 3.981071e-01     1.448892e-25
 4.466837e-01     1.575129e-25
 5.011876e-01     1.703462e-25
 5.623413e-01     1.833705e-25
 6.309576e-01     1.965752e-25
 7.079456e-01     2.099552e-25
 7.943284e-01     2.235117e-25
 8.912515e-01     2.372505e-25
 1.000000e+00     2.511811e-25
 1.122019e+00     2.653169e-25
 1.258925e+00     2.796731e-25
 1.412538e+00     2.942677e-25
 1.584894e+00     3.091198e-25
 1.778279e+00     3.242495e-25
 1.995263e+00     3.396790e-25
 2.238721e+00     3.554305e-25
 2.511887e+00     3.715281e-25
 2.818385e+00     3.879977e-25
 3.162278e+00     4.048673e-25
 3.548136e+00     4.221693e-25
 3.981071e+00     4.399408e-25
 4.466837e+00     4.582270e-25
 5.011876e+00     4.770824e-25
 5.623413e+00     4.965748e-25
 6.309576e+00     5.167253e-25
 7.079456e+00     5.364998e-25
 7.943284e+00     5.574246e-25
 8.912516e+00     5.814502e-25
 1.000000e+01     6.106766e-25
 1.122019e+01     6.472957e-25
 1.258925e+01     6.936194e-25
 1.412538e+01     7.521645e-25
 1.584894e+01     8.257423e-25
 1.778279e+01     9.175403e-25
 1.995263e+01     1.031165e-24
 2.238721e+01     1.170617e-24
 2.511887e+01     1.340183e-24
 2.818385e+01     1.544194e-24
 3.162278e+01     1.786628e-24
 3.548135e+01     2.070507e-24
 3.981071e+01     2.397103e-24
 4.466837e+01     2.760608e-24
 5.011876e+01     3.177416e-24
 5.623413e+01     3.609474e-24
 6.309576e+01     4.110690e-24
 7.079456e+01     4.689492e-24
 7.943284e+01     5.337696e-24
 8.912515e+01     6.086925e-24
 1.000000e+02     6.991675e-24
 1.120000e+02     8.032537e-24
 1.250000e+02     9.181783e-24
 1.400000e+02     1.052231e-23
 1.550000e+02     1.185799e-23
 1.650000e+02     1.273110e-23
 1.750000e+02     1.358582e-23
 1.850000e+02     1.440748e-23
 1.900000e+02     1.482588e-23
 1.950000e+02     1.522800e-23
 2.000000e+02     1.564637e-23
 2.050000e+02     1.611915e-23
 2.100000e+02     1.666072e-23
 2.150000e+02     1.742160e-23
 2.180000e+02     1.808016e-23
 2.210000e+02     1.897234e-23
 2.240000e+02     2.020691e-23
 2.260000e+02     2.134750e-23
 2.270000e+02     2.199198e-23
 2.275000e+02     2.240010e-23
 2.278400e+02     2.267347e-23
 2.380000e+02     2.718912e-23
 2.500000e+02     3.290087e-23
 2.700000e+02     4.174153e-23
 2.900000e+02     5.064792e-23
 3.035000e+02     5.648852e-23
 3.037800e+02     7.675012e-23
 3.045000e+02     7.701367e-23
 3.060000e+02     7.761411e-23
 3.080000e+02     7.881906e-23
 3.100000e+02     7.961859e-23
 3.120000e+02     8.043974e-23
 3.150000e+02     8.163513e-23
 3.200000e+02     8.364993e-23
 3.250000e+02     8.553787e-23
 3.300000e+02     8.731112e-23
 3.400000e+02     9.062881e-23
 3.600000e+02     9.692066e-23
 3.800000e+02     1.026713e-22
 4.050000e+02     1.104142e-22
 4.250000e+02     1.166994e-22
 4.500000e+02     1.247797e-22
 4.650000e+02     1.298394e-22
 4.750000e+02     1.341742e-22
 4.820000e+02     1.369157e-22
 4.870000e+02     1.388036e-22
 4.910000e+02     1.402566e-22
 4.950000e+02     1.417355e-22
 4.980000e+02     1.428400e-22
 5.000000e+02     1.435823e-22
 5.020000e+02     1.443294e-22
 5.039800e+02     1.450702e-22
 5.100000e+02     1.481396e-22
 5.250000e+02     1.554863e-22
 5.600000e+02     1.724908e-22
 6.000000e+02     1.929692e-22
 6.500000e+02     2.200131e-22
 7.000000e+02     2.482344e-22
 7.500000e+02     2.800791e-22
 8.000000e+02     3.135948e-22
 8.300000e+02     3.356328e-22
 8.600000e+02     3.599597e-22
 8.800000e+02     3.779817e-22
 8.900000e+02     3.866505e-22
 8.960000e+02     3.919406e-22
 9.000000e+02     3.957178e-22
 9.030000e+02     3.999939e-22
 9.060000e+02     4.028741e-22
 9.090000e+02     4.057718e-22
 9.117800e+02     4.084728e-22
 9.300000e+02     5.783319e-22
 9.500000e+02     6.353196e-22
 9.750000e+02     8.121942e-22
 9.900000e+02     8.707474e-22
 1.005000e+03     1.008841e-21
 1.025000e+03     1.195763e-21
 1.045000e+03     1.399086e-21
 1.065000e+03     1.648150e-21
 1.085000e+03     1.930798e-21
 1.105000e+03     2.220100e-21
 1.125000e+03     2.550062e-21
 1.145000e+03     2.869126e-21
 1.165000e+03     3.219991e-21
 1.185000e+03     3.578581e-21
 1.205000e+03     3.934304e-21
 1.215600e+03     4.117971e-21
 1.215670e+03     4.219115e-21
 1.216000e+03     4.224137e-21
 1.218000e+03     4.254329e-21
 1.221000e+03     4.297817e-21
 1.225000e+03     4.352940e-21
 1.230000e+03     4.428664e-21
 1.240000e+03     4.610104e-21
 1.250000e+03     4.794991e-21
 1.265000e+03     5.132126e-21
 1.285000e+03     5.589027e-21
 1.305000e+03     6.071436e-21
 1.325000e+03     6.561851e-21
 1.345000e+03     7.069995e-21
 1.365000e+03     7.594613e-21
 1.385000e+03     8.116287e-21
 1.405000e+03     8.632189e-21
 1.425000e+03     9.147636e-21
 1.442000e+03     9.592312e-21
 1.455000e+03     9.941731e-21
 1.475000e+03     1.050037e-20
 1.517000e+03     1.157903e-20
 1.595000e+03     1.350679e-20
 1.672000e+03     1.543858e-20
 1.745000e+03     1.717766e-20
 1.825000e+03     1.901415e-20
 1.905000e+03     2.066775e-20
 1.984000e+03     2.217735e-20
 2.065000e+03     2.350441e-20
 2.135000e+03     2.444599e-20
 2.215000e+03     2.542039e-20
 2.295000e+03     2.633037e-20
 2.375000e+03     2.723831e-20
 2.455000e+03     2.813738e-20
 2.525000e+03     2.894449e-20
 2.605000e+03     2.987329e-20
 2.685000e+03     3.093062e-20
 2.765000e+03     3.192384e-20
 2.845000e+03     3.276953e-20
 2.950000e+03     3.407729e-20
 3.110000e+03     3.607111e-20
 3.270000e+03     3.795184e-20
 3.430000e+03     3.981327e-20
 3.590000e+03     4.161788e-20
 3.730000e+03     4.327866e-20
 3.890000e+03     4.665730e-20
 4.050000e+03     5.009021e-20
 4.210000e+03     5.568399e-20
 4.370000e+03     6.079791e-20
 4.530000e+03     6.596615e-20
 4.690000e+03     7.125645e-20
 4.850000e+03     7.610833e-20
 5.010000e+03     8.039972e-20
 5.170000e+03     8.485246e-20
 5.330000e+03     8.904917e-20
 5.490000e+03     9.323869e-20
 5.650000e+03     9.734684e-20
 5.810000e+03     1.013932e-19
 5.970000e+03     1.050739e-19
 6.130000e+03     1.086826e-19
 6.290000e+03     1.120020e-19
 6.450000e+03     1.152145e-19
 6.610000e+03     1.181559e-19
 6.770000e+03     1.211241e-19
 6.930000e+03     1.238796e-19
 7.090000e+03     1.264687e-19
 7.250000e+03     1.289255e-19
 7.410000e+03     1.312790e-19
 7.570000e+03     1.335628e-19
 7.730000e+03     1.358645e-19
 7.890000e+03     1.380399e-19
 8.050000e+03     1.401130e-19
 8.210000e+03     1.420828e-19
 8.370000e+03     1.440327e-19
 8.530000e+03     1.458364e-19
 8.690000e+03     1.476134e-19
 8.850000e+03     1.494714e-19
 9.010000e+03     1.512651e-19
 9.170000e+03     1.529917e-19
 9.330000e+03     1.547381e-19
 9.490000e+03     1.566864e-19
 9.650000e+03     1.582669e-19
 9.810000e+03     1.599843e-19
 9.970000e+03     1.616432e-19
 1.050000e+04     1.665423e-19
 1.150000e+04     1.731136e-19
 1.250000e+04     1.784167e-19
 1.350000e+04     1.824125e-19
 1.450000e+04     1.858568e-19
 1.550000e+04     1.893979e-19
 1.650000e+04     1.923787e-19
 1.750000e+04     1.936324e-19
 1.850000e+04     1.930206e-19
 1.950000e+04     1.908180e-19
 2.050000e+04     1.876695e-19
 2.150000e+04     1.839856e-19
 2.250000e+04     1.797195e-19
 2.350000e+04     1.745175e-19
 2.450000e+04     1.682128e-19
 2.550000e+04     1.623524e-19
 2.650000e+04     1.565172e-19
 2.750000e+04     1.512359e-19
 2.850000e+04     1.463093e-19
 2.950000e+04     1.415828e-19
 3.050000e+04     1.370317e-19
 3.150000e+04     1.326298e-19
 3.250000e+04     1.283481e-19
 3.350000e+04     1.241141e-19
 3.450000e+04     1.200763e-19
 3.550000e+04     1.162504e-19
 3.650000e+04     1.125648e-19
 3.750000e+04     1.090419e-19
 3.850000e+04     1.057779e-19
 3.950000e+04     1.025503e-19
 4.050000e+04     9.939718e-20
 4.150000e+04     9.631172e-20
 4.250000e+04     9.335091e-20
 4.350000e+04     9.051107e-20
 4.450000e+04     8.779169e-20
 4.550000e+04     8.516192e-20
 4.650000e+04     8.268451e-20
 4.750000e+04     8.045554e-20
 4.850000e+04     7.849757e-20
 4.950000e+04     7.677477e-20
 5.050000e+04     7.540760e-20
 5.150000e+04     7.442878e-20
 5.250000e+04     7.455194e-20
 5.350000e+04     7.600792e-20
 5.450000e+04     7.710223e-20
 5.550000e+04     7.804673e-20
 5.650000e+04     8.000571e-20
 5.750000e+04     8.287909e-20
 5.850000e+04     8.531170e-20
 5.950000e+04     8.803102e-20
 6.050000e+04     9.311455e-20
 6.150000e+04     1.018715e-19
 6.250000e+04     1.206204e-19
 6.350000e+04     1.343187e-19
 6.450000e+04     1.401036e-19
 6.550000e+04     1.420098e-19
 6.650010e+04     1.463575e-19
 6.750010e+04     1.501291e-19
 6.850010e+04     1.536706e-19
 6.950010e+04     1.594655e-19
 7.020000e+04     1.647582e-19
 7.100000e+04     1.703514e-19
 7.180000e+04     1.769464e-19
 7.260000e+04     1.841805e-19
 7.340000e+04     1.930551e-19
 7.420000e+04     2.054444e-19
 7.500000e+04     2.218421e-19
 7.580000e+04     2.411478e-19
 7.660000e+04     2.621034e-19
 7.740000e+04     2.814258e-19
 7.820000e+04     2.988795e-19
 7.900000e+04     3.137487e-19
 7.980000e+04     3.250145e-19
 8.060000e+04     3.330195e-19
 8.140000e+04     3.383904e-19
 8.220000e+04     3.422565e-19
 8.300000e+04     3.460286e-19
 8.380000e+04     3.501084e-19
 8.460000e+04     3.540750e-19
 8.540000e+04     3.585379e-19
 8.620000e+04     3.631672e-19
 8.700000e+04     3.663511e-19
 8.780000e+04     3.667435e-19
 8.860000e+04     3.646240e-19
 8.940000e+04     3.610285e-19
 9.020000e+04     3.566677e-19
 9.100000e+04     3.519870e-19
 9.180000e+04     3.471120e-19
 9.260000e+04     3.421240e-19
 9.340000e+04     3.370126e-19
 9.420000e+04     3.319703e-19
 9.500000e+04     3.271348e-19
 9.580000e+04     3.224296e-19
 9.660000e+04     3.182132e-19
 9.740000e+04     3.141242e-19
 9.820000e+04     3.095460e-19
 9.900000e+04     3.049907e-19
 9.980000e+04     3.005365e-19
 1.006000e+05     2.965021e-19
 1.020000e+05     2.899195e-19
 1.040000e+05     2.816526e-19
 1.060000e+05     2.773571e-19
 1.080000e+05     2.756013e-19
 1.100000e+05     2.750570e-19
 1.120000e+05     2.870402e-19
 1.140000e+05     3.149469e-19
 1.160000e+05     3.280372e-19
 1.180000e+05     3.281758e-19
 1.200000e+05     3.375000e-19
 1.220000e+05     3.472092e-19
 1.240000e+05     3.589252e-19
 1.260000e+05     3.735948e-19
 1.280000e+05     3.977365e-19
 1.300000e+05     4.173493e-19
 1.320000e+05     4.242900e-19
 1.340000e+05     4.246898e-19
 1.360000e+05     4.352591e-19
 1.380000e+05     4.407240e-19
 1.400000e+05     4.423823e-19
 1.420000e+05     4.513548e-19
 1.440000e+05     4.557061e-19
 1.460000e+05     4.578352e-19
 1.480000e+05     4.638171e-19
 1.500000e+05     4.674716e-19
 1.520000e+05     4.719098e-19
 1.540000e+05     4.778386e-19
 1.560000e+05     4.856508e-19
 1.580000e+05     4.930542e-19
 1.600000e+05     5.002984e-19
 1.620000e+05     5.081736e-19
 1.640000e+05     5.191874e-19
 1.660000e+05     5.340882e-19
 1.680000e+05     5.474498e-19
 1.700000e+05     5.625844e-19
 1.720000e+05     5.784391e-19
 1.740000e+05     5.930962e-19
 1.760000e+05     6.060785e-19
 1.780000e+05     6.156089e-19
 1.800000e+05     6.262462e-19
 1.820000e+05     6.368834e-19
 1.840000e+05     6.472881e-19
 1.860000e+05     6.578571e-19
 1.880000e+05     6.759753e-19
 1.900000e+05     6.887221e-19
 1.920000e+05     7.010915e-19
 1.940000e+05     7.129079e-19
 1.960000e+05     7.256180e-19
 1.980000e+05     7.393417e-19
 2.000000e+05     7.541203e-19
 2.020000e+05     7.692832e-19
 2.040000e+05     7.848193e-19
 2.060000e+05     8.013982e-19
 2.080000e+05     8.178132e-19
 2.100000e+05     8.354371e-19
 2.120000e+05     8.535571e-19
 2.140000e+05     8.718493e-19
 2.160000e+05     8.924855e-19
 2.180000e+05     9.144249e-19
 2.200000e+05     9.349722e-19
 2.220000e+05     9.570537e-19
 2.240000e+05     9.817898e-19
 2.260000e+05     1.005819e-18
 2.280000e+05     1.029537e-18
 2.300000e+05     1.055366e-18
 2.320000e+05     1.082965e-18
 2.340000e+05     1.110473e-18
 2.360000e+05     1.138179e-18
 2.380000e+05     1.167655e-18
 2.400000e+05     1.198828e-18
 2.420000e+05     1.229987e-18
 2.440000e+05     1.260659e-18
 2.460000e+05     1.293189e-18
 2.480000e+05     1.327821e-18
 2.500000e+05     1.363023e-18
 2.520000e+05     1.397865e-18
 2.540000e+05     1.433620e-18
 2.560000e+05     1.471612e-18
 2.580000e+05     1.511715e-18
 2.600000e+05     1.552737e-18
 2.620000e+05     1.593215e-18
 2.640000e+05     1.634458e-18
 2.660000e+05     1.677331e-18
 2.680000e+05     1.721758e-18
 2.700000e+05     1.766745e-18
 2.720000e+05     1.812379e-18
 2.740000e+05     1.858997e-18
 2.760000e+05     1.906876e-18
 2.780000e+05     1.956627e-18
 2.800000e+05     2.007591e-18
 2.820000e+05     2.059804e-18
 2.840000e+05     2.112572e-18
 2.860000e+05     2.164908e-18
 2.880000e+05     2.217517e-18
 2.900000e+05     2.271652e-18
 2.920000e+05     2.326758e-18
 2.940000e+05     2.383279e-18
 2.960000e+05     2.441474e-18
 2.980000e+05     2.499696e-18
 3.000000e+05     2.557702e-18
 3.020000e+05     2.617544e-18
 3.040000e+05     2.678637e-18
 3.060000e+05     2.740560e-18
 3.080000e+05     2.804028e-18
 3.100000e+05     2.867721e-18
 3.120000e+05     2.930980e-18
 3.140000e+05     2.995490e-18
 3.160000e+05     3.062824e-18
 3.180000e+05     3.130222e-18
 3.200000e+05     3.200130e-18
 3.220000e+05     3.271290e-18
 3.240000e+05     3.343368e-18
 3.260000e+05     3.417270e-18
 3.280000e+05     3.491533e-18
 3.300000e+05     3.568604e-18
 3.320000e+05     3.646259e-18
 3.340000e+05     3.731321e-18
 3.360000e+05     3.822913e-18
 3.380000e+05     3.910160e-18
 3.400000e+05     3.990542e-18
 3.420000e+05     4.071162e-18
 3.440000e+05     4.156232e-18
 3.460000e+05     4.242611e-18
 3.480000e+05     4.336500e-18
 3.500000e+05     4.437099e-18
 3.520000e+05     4.523978e-18
 3.540000e+05     4.607897e-18
 3.560000e+05     4.691208e-18
 3.580000e+05     4.771861e-18
 3.600000e+05     4.857016e-18
 3.620000e+05     4.943825e-18
 3.640000e+05     5.025013e-18
 3.660000e+05     5.108011e-18
 3.680000e+05     5.195089e-18
 3.700000e+05     5.281445e-18
 3.720000e+05     5.369496e-18
 3.740000e+05     5.458757e-18
 3.760000e+05     5.546765e-18
 3.780000e+05     5.636140e-18
 3.800000e+05     5.726252e-18
 3.820000e+05     5.819008e-18
 3.840000e+05     5.912138e-18
 3.860000e+05     6.005589e-18
 3.880000e+05     6.100763e-18
 3.900000e+05     6.196568e-18
 3.920000e+05     6.291118e-18
 4.320000e+05     8.376928e-18
 4.760000e+05     1.094708e-17
 5.250000e+05     1.401578e-17
 5.790000e+05     1.748006e-17
 6.390000e+05     2.122099e-17
 7.040000e+05     2.487128e-17
 7.760000e+05     2.814955e-17
 8.560000e+05     3.071716e-17
 9.430000e+05     3.231173e-17
 1.040000e+06     3.287262e-17
 1.147000e+06     3.240873e-17
 1.264000e+06     3.105999e-17
 1.394000e+06     2.898923e-17
 1.537000e+06     2.643462e-17
 1.694000e+06     2.361381e-17
 1.868000e+06     2.069136e-17
 2.059000e+06     1.784963e-17
 2.270000e+06     1.518301e-17
 2.503000e+06     1.276638e-17
 2.760000e+06     1.063826e-17
 3.043000e+06     8.808565e-18
 3.354000e+06     7.264290e-18
 3.698000e+06     5.969864e-18
 4.077000e+06     4.899226e-18
 4.495000e+06     4.017269e-18
 4.956000e+06     3.292279e-18
 5.464000e+06     2.696613e-18
 6.024000e+06     2.206355e-18
 6.641000e+06     1.802663e-18
 7.322000e+06     1.469971e-18
 8.073000e+06     1.196894e-18
 8.900000e+06     9.743653e-19
 9.813000e+06     7.942612e-19
 1.082000e+07     6.503707e-19
 1.193000e+07     5.369345e-19
 1.315000e+07     4.490752e-19
 1.450000e+07     3.818423e-19
 1.598000e+07     3.318910e-19
 1.762000e+07     2.953871e-19
 1.943000e+07     2.697688e-19
 2.142000e+07     2.527790e-19
 2.362000e+07     2.424798e-19
 2.604000e+07     2.374563e-19
 2.871000e+07     2.365480e-19
 3.165000e+07     2.388914e-19
 3.489000e+07     2.438316e-19
 3.847000e+07     2.508904e-19
 4.241000e+07     2.596764e-19
 4.676000e+07     2.699486e-19
 5.155000e+07     2.814860e-19
 5.683000e+07     2.941628e-19
 6.266000e+07     3.079141e-19
 6.908000e+07     3.226515e-19
 7.616000e+07     3.383593e-19
 8.397000e+07     3.550411e-19
 9.258000e+07     3.726878e-19
 1.020700e+08     3.913127e-19
 1.125300e+08     4.109348e-19
 1.240600e+08     4.316012e-19
 1.367800e+08     4.533682e-19
 1.508000e+08     4.762523e-19
 1.662500e+08     5.003092e-19
 1.833000e+08     5.256328e-19
 2.020800e+08     5.522223e-19
 2.228000e+08     5.801978e-19
 2.456300e+08     6.095772e-19
 2.708100e+08     6.404739e-19
 2.985700e+08     6.729456e-19
 3.291700e+08     7.070684e-19
 3.629100e+08     7.429443e-19
 4.001100e+08     7.806490e-19
 4.411200e+08     8.202742e-19
 4.863400e+08     8.619163e-19
 5.361900e+08     9.056797e-19
 5.911500e+08     9.516830e-19
 6.517400e+08     1.000036e-18
 7.185400e+08     1.050860e-18
 7.921900e+08     1.104272e-18
 8.733900e+08     1.160404e-18
 9.629200e+08     1.219404e-18
 1.000000e+09     1.243046e-18
